0	0.00000000	0.00000000	0.00000000	0.00000000	0.00000000	0.00000000	0.00000000	0.00000000	0.00000000
1	0.00000000	0.00000000	0.00000000	0.00000000	0.00000000	0.00000000	0.00000000	0.00000000	0.00000000
3	0.00000000	0.00000000	0.00000000	0.00000000	0.00000000	0.00000000	0.00000000	0.00000000	0.00000000
0	-0.04140000	-0.05280000	0.25640000	0.04420000	-0.81890000	0.60170000	0.00000000	0.00000000	0.00000000
1	-0.00660000	-0.00730000	0.00660000	0.04420000	-0.81890000	0.60170000	0.00000000	0.00000000	0.00000000
3	0.00000000	0.00000000	0.00000000	0.00000000	0.00000000	0.00000000	0.00000000	0.00000000	0.00000000
0	0.11890000	-0.50530000	0.34790000	0.45260000	-0.89590000	-0.29100000	0.00000000	0.00000000	0.00000000
1	-0.00660000	-0.00760000	0.00670000	0.45260000	-0.89590000	-0.29100000	0.00000000	0.00000000	0.00000000
3	-0.01940000	0.21850000	-0.01890000	0.00000000	0.00000000	0.00000000	0.00000000	0.00000000	0.00000000
0	0.07370000	-0.72850000	0.31380000	0.19110000	-0.71430000	-0.31680000	0.00000000	0.00000000	0.00000000
1	-0.00630000	-0.00810000	0.00750000	0.19110000	-0.71430000	-0.31680000	0.00000000	0.00000000	0.00000000
3	-0.01110000	0.42950000	-0.01420000	0.00000000	0.00000000	0.00000000	0.00000000	0.00000000	0.00000000
0	0.05380000	-0.81640000	0.33810000	-0.19660000	-0.19470000	-0.06930000	0.00000000	0.00000000	0.00000000
1	-0.00530000	-0.00810000	0.00760000	-0.19660000	-0.19470000	-0.06930000	0.00000000	0.00000000	0.00000000
3	-0.00800000	0.53680000	-0.01500000	0.00000000	0.00000000	0.00000000	0.00000000	0.00000000	0.00000000
0	0.00820000	-0.41510000	0.33420000	0.29070000	2.28580000	0.10110000	0.00000000	0.00000000	0.00000000
1	-0.00490000	-0.00800000	0.00720000	0.29070000	2.28580000	0.10110000	0.00000000	0.00000000	0.00000000
3	0.00000000	0.23860000	-0.01490000	0.00000000	0.00000000	0.00000000	0.00000000	0.00000000	0.00000000
0	-0.07250000	-0.19670000	0.32910000	-0.20660000	0.59940000	-0.08500000	0.00000000	0.00000000	0.00000000
1	-0.00630000	-0.00760000	0.00610000	-0.20660000	0.59940000	-0.08500000	0.00000000	0.00000000	0.00000000
3	0.00000000	0.05500000	-0.01460000	0.00000000	0.00000000	0.00000000	0.00000000	0.00000000	0.00000000
0	-0.08500000	0.20600000	0.19520000	-0.46010000	1.48040000	-0.69910000	0.00000000	0.00000000	0.00000000
1	-0.00700000	-0.00720000	0.00540000	-0.46010000	1.48040000	-0.69910000	0.00000000	0.00000000	0.00000000
3	0.00000000	-0.01550000	0.00000000	0.00000000	0.00000000	0.00000000	0.00000000	0.00000000	0.00000000
0	-0.06960000	0.42260000	0.16820000	-0.24910000	1.21930000	-0.06490000	0.00000000	0.00000000	0.00000000
1	-0.00780000	-0.00700000	0.00470000	-0.24910000	1.21930000	-0.06490000	0.00000000	0.00000000	0.00000000
3	0.00000000	-0.12270000	0.00000000	0.00000000	0.00000000	0.00000000	0.00000000	0.00000000	0.00000000
0	-0.01210000	0.77930000	0.06720000	0.34710000	0.19850000	-0.06090000	0.00000000	0.00000000	0.00000000
1	-0.00880000	-0.00690000	0.00420000	0.34710000	0.19850000	-0.06090000	0.00000000	0.00000000	0.00000000
3	0.00000000	-0.46860000	0.00000000	0.00000000	0.00000000	0.00000000	0.00000000	0.00000000	0.00000000
0	-0.01620000	0.92530000	0.04610000	-0.09670000	0.49340000	0.12160000	0.00000000	0.00000000	0.00000000
1	-0.01010000	-0.00680000	0.00360000	-0.09670000	0.49340000	0.12160000	0.00000000	0.00000000	0.00000000
3	0.00000000	-0.60230000	0.00000000	0.00000000	0.00000000	0.00000000	0.00000000	0.00000000	0.00000000
0	-0.02970000	1.08600000	0.03550000	0.17090000	0.42180000	-0.00500000	0.00000000	0.00000000	0.00000000
1	-0.01160000	-0.00680000	0.00340000	0.17090000	0.42180000	-0.00500000	0.00000000	0.00000000	0.00000000
3	0.00000000	-0.75820000	0.00000000	0.00000000	0.00000000	0.00000000	0.00000000	0.00000000	0.00000000
0	-0.06100000	0.58620000	0.16780000	0.18660000	-2.16070000	0.37880000	0.00000000	0.00000000	0.00000000
1	-0.01370000	-0.00750000	0.00460000	0.18660000	-2.16070000	0.37880000	0.00000000	0.00000000	0.00000000
3	0.00000000	-0.39430000	0.00000000	0.00000000	0.00000000	0.00000000	0.00000000	0.00000000	0.00000000
0	-0.04950000	0.26280000	0.20680000	-0.08710000	-0.69980000	0.22900000	0.00000000	0.00000000	0.00000000
1	-0.01430000	-0.00860000	0.00670000	-0.08710000	-0.69980000	0.22900000	0.00000000	0.00000000	0.00000000
3	0.00000000	-0.07780000	0.00000000	0.00000000	0.00000000	0.00000000	0.00000000	0.00000000	0.00000000
0	0.02070000	-0.15160000	0.32420000	0.22380000	-0.97020000	0.21810000	0.00000000	0.00000000	0.00000000
1	-0.01390000	-0.00900000	0.00740000	0.22380000	-0.97020000	0.21810000	0.00000000	0.00000000	0.00000000
3	0.00000000	0.01670000	-0.01300000	0.00000000	0.00000000	0.00000000	0.00000000	0.00000000	0.00000000
0	0.04250000	-0.42600000	0.34750000	-0.07390000	-0.71600000	0.31280000	0.00000000	0.00000000	0.00000000
1	-0.01360000	-0.00930000	0.00850000	-0.07390000	-0.71600000	0.31280000	0.00000000	0.00000000	0.00000000
3	0.00000000	0.15970000	-0.01510000	0.00000000	0.00000000	0.00000000	0.00000000	0.00000000	0.00000000
0	0.05670000	-0.73390000	0.39890000	-0.03450000	-0.96870000	0.07590000	0.00000000	0.00000000	0.00000000
1	-0.01270000	-0.00900000	0.00880000	-0.03450000	-0.96870000	0.07590000	0.00000000	0.00000000	0.00000000
3	-0.00840000	0.42330000	-0.02310000	0.00000000	0.00000000	0.00000000	0.00000000	0.00000000	0.00000000
0	0.14890000	-0.98640000	0.48500000	-0.01300000	-0.82880000	0.34280000	0.00000000	0.00000000	0.00000000
1	-0.01150000	-0.00870000	0.00890000	-0.01300000	-0.82880000	0.34280000	0.00000000	0.00000000	0.00000000
3	-0.03020000	0.67990000	-0.03680000	0.00000000	0.00000000	0.00000000	0.00000000	0.00000000	0.00000000
0	0.21100000	-1.13700000	0.49480000	-0.03240000	-0.47180000	-0.11450000	0.00000000	0.00000000	0.00000000
1	-0.01040000	-0.00830000	0.00860000	-0.03240000	-0.47180000	-0.11450000	0.00000000	0.00000000	0.00000000
3	-0.06120000	0.82050000	-0.04020000	0.00000000	0.00000000	0.00000000	0.00000000	0.00000000	0.00000000
0	0.13370000	-0.98740000	0.49520000	-0.40970000	1.42210000	-0.61500000	0.00000000	0.00000000	0.00000000
1	-0.00970000	-0.00820000	0.00860000	-0.40970000	1.42210000	-0.61500000	0.00000000	0.00000000	0.00000000
3	-0.03770000	0.75870000	-0.04050000	0.00000000	0.00000000	0.00000000	0.00000000	0.00000000	0.00000000
0	0.02990000	-0.59620000	0.50550000	-0.45030000	1.65990000	-0.22970000	0.00000000	0.00000000	0.00000000
1	-0.01010000	-0.00790000	0.00770000	-0.45030000	1.65990000	-0.22970000	0.00000000	0.00000000	0.00000000
3	-0.00780000	0.39940000	-0.04210000	0.00000000	0.00000000	0.00000000	0.00000000	0.00000000	0.00000000
0	-0.12870000	-0.13760000	0.42200000	-0.47310000	0.90420000	-0.17680000	0.00000000	0.00000000	0.00000000
1	-0.01070000	-0.00750000	0.00660000	-0.47310000	0.90420000	-0.17680000	0.00000000	0.00000000	0.00000000
3	0.00000000	0.03420000	-0.02810000	0.00000000	0.00000000	0.00000000	0.00000000	0.00000000	0.00000000
0	-0.09260000	0.09630000	0.33790000	0.54590000	0.37050000	-0.37810000	0.00000000	0.00000000	0.00000000
1	-0.01160000	-0.00770000	0.00600000	0.54590000	0.37050000	-0.37810000	0.00000000	0.00000000	0.00000000
3	0.00000000	0.00000000	-0.01710000	0.00000000	0.00000000	0.00000000	0.00000000	0.00000000	0.00000000
0	-0.19580000	-0.08020000	0.25300000	-1.38240000	-0.22260000	-0.91520000	0.00000000	0.00000000	0.00000000
1	-0.01270000	-0.00870000	0.00670000	-1.38240000	-0.22260000	-0.91520000	0.00000000	0.00000000	0.00000000
3	0.00860000	0.01050000	-0.01060000	0.00000000	0.00000000	0.00000000	0.00000000	0.00000000	0.00000000
0	-0.58570000	-0.07410000	0.17530000	-1.44580000	-0.19810000	0.25520000	0.00000000	0.00000000	0.00000000
1	-0.01240000	-0.00890000	0.00750000	-1.44580000	-0.19810000	0.25520000	0.00000000	0.00000000	0.00000000
3	0.22650000	0.00000000	0.00000000	0.00000000	0.00000000	0.00000000	0.00000000	0.00000000	0.00000000
0	-0.92240000	-0.16410000	0.29900000	-0.71850000	0.10460000	-0.00540000	0.00000000	0.00000000	0.00000000
1	-0.01130000	-0.00820000	0.00750000	-0.71850000	0.10460000	-0.00540000	0.00000000	0.00000000	0.00000000
3	0.57170000	0.03080000	-0.01030000	0.00000000	0.00000000	0.00000000	0.00000000	0.00000000	0.00000000
0	-1.12600000	-0.42010000	0.59290000	-0.42700000	0.09550000	0.12360000	0.00000000	0.00000000	0.00000000
1	-0.01010000	-0.00720000	0.00700000	-0.42700000	0.09550000	0.12360000	0.00000000	0.00000000	0.00000000
3	0.77660000	0.15710000	-0.05440000	0.00000000	0.00000000	0.00000000	0.00000000	0.00000000	0.00000000
0	-1.20530000	-0.88920000	1.08240000	-0.21420000	0.04470000	0.21120000	0.00000000	0.00000000	0.00000000
1	-0.00860000	-0.00620000	0.00590000	-0.21420000	0.04470000	0.21120000	0.00000000	0.00000000	0.00000000
3	0.85160000	0.53410000	-0.19180000	0.00000000	0.00000000	0.00000000	0.00000000	0.00000000	0.00000000
0	-1.19850000	-0.92670000	1.11260000	0.05310000	-0.15190000	0.12420000	0.00000000	0.00000000	0.00000000
1	-0.00760000	-0.00570000	0.00500000	0.05310000	-0.15190000	0.12420000	0.00000000	0.00000000	0.00000000
3	0.84940000	0.63410000	-0.23420000	0.00000000	0.00000000	0.00000000	0.00000000	0.00000000	0.00000000
0	-0.72740000	-0.04210000	0.22910000	2.30890000	0.30190000	-0.71710000	0.00000000	0.00000000	0.00000000
1	-0.00930000	-0.00740000	0.00560000	2.30890000	0.30190000	-0.71710000	0.00000000	0.00000000	0.00000000
3	0.50170000	0.01220000	-0.00920000	0.00000000	0.00000000	0.00000000	0.00000000	0.00000000	0.00000000
0	-0.36070000	-0.02200000	0.20410000	1.20280000	-0.11400000	-0.30270000	0.00000000	0.00000000	0.00000000
1	-0.01170000	-0.00940000	0.00680000	1.20280000	-0.11400000	-0.30270000	0.00000000	0.00000000	0.00000000
3	0.13060000	0.00000000	0.00000000	0.00000000	0.00000000	0.00000000	0.00000000	0.00000000	0.00000000
0	-0.09720000	0.00940000	0.12720000	0.43880000	0.22050000	-0.56130000	0.00000000	0.00000000	0.00000000
1	-0.01210000	-0.01020000	0.00770000	0.43880000	0.22050000	-0.56130000	0.00000000	0.00000000	0.00000000
3	0.00000000	0.00000000	0.00000000	0.00000000	0.00000000	0.00000000	0.00000000	0.00000000	0.00000000
0	0.20850000	0.05070000	-0.11860000	1.16970000	0.08070000	-0.93620000	0.00000000	0.00000000	0.00000000
1	-0.01260000	-0.01090000	0.00890000	1.16970000	0.08070000	-0.93620000	0.00000000	0.00000000	0.00000000
3	-0.03780000	0.00000000	0.00810000	0.00000000	0.00000000	0.00000000	0.00000000	0.00000000	0.00000000
0	0.52680000	-0.11310000	-0.06210000	1.29000000	-1.16800000	0.60670000	0.00000000	0.00000000	0.00000000
1	-0.01330000	-0.01150000	0.01080000	1.29000000	-1.16800000	0.60670000	0.00000000	0.00000000	0.00000000
3	-0.24250000	0.00000000	0.00810000	0.00000000	0.00000000	0.00000000	0.00000000	0.00000000	0.00000000
0	0.75040000	-0.19170000	0.08120000	0.54580000	0.05020000	0.39630000	0.00000000	0.00000000	0.00000000
1	-0.01290000	-0.01170000	0.01240000	0.54580000	0.05020000	0.39630000	0.00000000	0.00000000	0.00000000
3	-0.47990000	0.04450000	0.00000000	0.00000000	0.00000000	0.00000000	0.00000000	0.00000000	0.00000000
0	0.91260000	-0.23120000	0.20700000	0.57970000	-0.57460000	0.47140000	0.00000000	0.00000000	0.00000000
1	-0.01200000	-0.01130000	0.01300000	0.57970000	-0.57460000	0.47140000	0.00000000	0.00000000	0.00000000
3	-0.63550000	0.05340000	0.00000000	0.00000000	0.00000000	0.00000000	0.00000000	0.00000000	0.00000000
0	1.10290000	-0.28370000	0.31830000	-0.16630000	-0.05010000	0.07990000	0.00000000	0.00000000	0.00000000
1	-0.01050000	-0.01090000	0.01330000	-0.16630000	-0.05010000	0.07990000	0.00000000	0.00000000	0.00000000
3	-0.82720000	0.08770000	-0.01120000	0.00000000	0.00000000	0.00000000	0.00000000	0.00000000	0.00000000
0	0.64960000	-0.13730000	0.45910000	-1.91400000	0.11950000	0.22500000	0.00000000	0.00000000	0.00000000
1	-0.00890000	-0.01010000	0.01270000	-1.91400000	0.11950000	0.22500000	0.00000000	0.00000000	0.00000000
3	-0.47590000	0.02660000	-0.02920000	0.00000000	0.00000000	0.00000000	0.00000000	0.00000000	0.00000000
0	0.10060000	-0.18010000	0.67880000	-3.38560000	-1.07820000	1.40050000	0.00000000	0.00000000	0.00000000
1	-0.00770000	-0.00920000	0.01120000	-3.38560000	-1.07820000	1.40050000	0.00000000	0.00000000	0.00000000
3	-0.06680000	0.02110000	-0.06590000	0.00000000	0.00000000	0.00000000	0.00000000	0.00000000	0.00000000
0	-0.45310000	-0.11960000	0.65420000	-1.86170000	0.89600000	-0.46900000	0.00000000	0.00000000	0.00000000
1	-0.00630000	-0.00820000	0.00920000	-1.86170000	0.89600000	-0.46900000	0.00000000	0.00000000	0.00000000
3	0.11480000	0.03160000	-0.08000000	0.00000000	0.00000000	0.00000000	0.00000000	0.00000000	0.00000000
0	-0.73320000	-0.15060000	0.75640000	-0.37960000	-0.27470000	0.16120000	0.00000000	0.00000000	0.00000000
1	-0.00530000	-0.00700000	0.00720000	-0.37960000	-0.27470000	0.16120000	0.00000000	0.00000000	0.00000000
3	0.40410000	0.02150000	-0.10310000	0.00000000	0.00000000	0.00000000	0.00000000	0.00000000	0.00000000
0	-0.85040000	-0.15680000	0.79220000	-0.32210000	0.23490000	-0.10310000	0.00000000	0.00000000	0.00000000
1	-0.00460000	-0.00660000	0.00600000	-0.32210000	0.23490000	-0.10310000	0.00000000	0.00000000	0.00000000
3	0.52510000	0.03540000	-0.12180000	0.00000000	0.00000000	0.00000000	0.00000000	0.00000000	0.00000000
0	-0.93290000	-0.17090000	0.83820000	-0.28490000	0.05910000	0.08020000	0.00000000	0.00000000	0.00000000
1	-0.00470000	-0.00640000	0.00540000	-0.28490000	0.05910000	0.08020000	0.00000000	0.00000000	0.00000000
3	0.60890000	0.03390000	-0.13290000	0.00000000	0.00000000	0.00000000	0.00000000	0.00000000	0.00000000
0	-0.96530000	-0.15160000	0.83650000	0.51250000	-0.20250000	-0.04450000	0.00000000	0.00000000	0.00000000
1	-0.00510000	-0.00610000	0.00520000	0.51250000	-0.20250000	-0.04450000	0.00000000	0.00000000	0.00000000
3	0.67050000	0.02610000	-0.13630000	0.00000000	0.00000000	0.00000000	0.00000000	0.00000000	0.00000000
0	-0.01100000	-0.10360000	0.45030000	3.57260000	-0.71760000	-0.79120000	0.00000000	0.00000000	0.00000000
1	-0.00750000	-0.00800000	0.00680000	3.57260000	-0.71760000	-0.79120000	0.00000000	0.00000000	0.00000000
3	0.01060000	0.00910000	-0.03700000	0.00000000	0.00000000	0.00000000	0.00000000	0.00000000	0.00000000
0	0.46500000	-0.13780000	0.51800000	1.13500000	-0.34530000	0.77690000	0.00000000	0.00000000	0.00000000
1	-0.00880000	-0.00950000	0.01000000	1.13500000	-0.34530000	0.77690000	0.00000000	0.00000000	0.00000000
3	-0.18830000	0.02020000	-0.03930000	0.00000000	0.00000000	0.00000000	0.00000000	0.00000000	0.00000000
0	0.26620000	-0.07190000	0.20300000	-0.76640000	0.37010000	-1.68400000	0.00000000	0.00000000	0.00000000
1	-0.00870000	-0.00960000	0.01090000	-0.76640000	0.37010000	-1.68400000	0.00000000	0.00000000	0.00000000
3	-0.10760000	0.00940000	-0.00850000	0.00000000	0.00000000	0.00000000	0.00000000	0.00000000	0.00000000
0	0.28070000	0.14360000	-0.51760000	0.04390000	0.52390000	-2.11160000	0.00000000	0.00000000	0.00000000
1	-0.00780000	-0.00950000	0.01130000	0.04390000	0.52390000	-2.11160000	0.00000000	0.00000000	0.00000000
3	-0.08640000	-0.01400000	0.07230000	0.00000000	0.00000000	0.00000000	0.00000000	0.00000000	0.00000000
0	0.41270000	0.23800000	-0.98580000	0.09330000	0.38610000	-0.75430000	0.00000000	0.00000000	0.00000000
1	-0.00670000	-0.00950000	0.01170000	0.09330000	0.38610000	-0.75430000	0.00000000	0.00000000	0.00000000
3	-0.17310000	-0.04540000	0.25020000	0.00000000	0.00000000	0.00000000	0.00000000	0.00000000	0.00000000
0	0.53320000	0.22780000	-1.19780000	0.26650000	0.18140000	-0.99640000	0.00000000	0.00000000	0.00000000
1	-0.00550000	-0.00890000	0.01100000	0.26650000	0.18140000	-0.99640000	0.00000000	0.00000000	0.00000000
3	-0.26670000	-0.04710000	0.34560000	0.00000000	0.00000000	0.00000000	0.00000000	0.00000000	0.00000000
0	0.60080000	0.19930000	-1.27200000	0.00410000	-0.08650000	-0.16890000	0.00000000	0.00000000	0.00000000
1	-0.00450000	-0.00820000	0.01010000	0.00410000	-0.08650000	-0.16890000	0.00000000	0.00000000	0.00000000
3	-0.34520000	-0.03620000	0.39480000	0.00000000	0.00000000	0.00000000	0.00000000	0.00000000	0.00000000
0	0.64690000	0.16750000	-1.33940000	0.10980000	0.02360000	-0.30620000	0.00000000	0.00000000	0.00000000
1	-0.00400000	-0.00790000	0.00970000	0.10980000	0.02360000	-0.30620000	0.00000000	0.00000000	0.00000000
3	-0.38430000	-0.02460000	0.42530000	0.00000000	0.00000000	0.00000000	0.00000000	0.00000000	0.00000000
0	0.69310000	0.13630000	-1.39400000	-0.01430000	-0.29470000	0.33070000	0.00000000	0.00000000	0.00000000
1	-0.00330000	-0.00750000	0.00900000	-0.01430000	-0.29470000	0.33070000	0.00000000	0.00000000	0.00000000
3	-0.43790000	-0.01640000	0.46490000	0.00000000	0.00000000	0.00000000	0.00000000	0.00000000	0.00000000
0	0.65680000	0.14790000	-1.41830000	-0.11860000	0.53030000	-0.13130000	0.00000000	0.00000000	0.00000000
1	-0.00300000	-0.00760000	0.00930000	-0.11860000	0.53030000	-0.13130000	0.00000000	0.00000000	0.00000000
3	-0.40390000	-0.01250000	0.46670000	0.00000000	0.00000000	0.00000000	0.00000000	0.00000000	0.00000000
0	0.56280000	0.40570000	-1.27770000	-0.05410000	-0.06500000	-0.01690000	0.00000000	0.00000000	0.00000000
1	-0.00240000	-0.00740000	0.00960000	-0.05410000	-0.06500000	-0.01690000	0.00000000	0.00000000	0.00000000
3	-0.30870000	-0.14810000	0.39880000	0.00000000	0.00000000	0.00000000	0.00000000	0.00000000	0.00000000
0	0.44390000	0.39800000	-1.03080000	0.35810000	-0.75010000	2.62680000	0.00000000	0.00000000	0.00000000
1	-0.00190000	-0.00720000	0.00970000	0.35810000	-0.75010000	2.62680000	0.00000000	0.00000000	0.00000000
3	-0.23230000	-0.14380000	0.33410000	0.00000000	0.00000000	0.00000000	0.00000000	0.00000000	0.00000000
0	0.26640000	0.36070000	-0.60210000	0.27330000	-0.30790000	1.74430000	0.00000000	0.00000000	0.00000000
1	-0.00130000	-0.00680000	0.00980000	0.27330000	-0.30790000	1.74430000	0.00000000	0.00000000	0.00000000
3	-0.09110000	-0.11830000	0.13300000	0.00000000	0.00000000	0.00000000	0.00000000	0.00000000	0.00000000
0	0.07500000	0.18130000	-0.07320000	-0.04080000	-0.54740000	1.52920000	0.00000000	0.00000000	0.00000000
1	-0.00050000	-0.00600000	0.00860000	-0.04080000	-0.54740000	1.52920000	0.00000000	0.00000000	0.00000000
3	-0.01340000	-0.03780000	0.01280000	0.00000000	0.00000000	0.00000000	0.00000000	0.00000000	0.00000000
0	0.08430000	0.05110000	0.38900000	0.37270000	0.06690000	1.36860000	0.00000000	0.00000000	0.00000000
1	-0.00030000	-0.00570000	0.00740000	0.37270000	0.06690000	1.36860000	0.00000000	0.00000000	0.00000000
3	-0.00990000	0.00000000	-0.01370000	0.00000000	0.00000000	0.00000000	0.00000000	0.00000000	0.00000000
0	0.15520000	-0.05100000	0.76400000	0.04160000	0.16900000	1.14420000	0.00000000	0.00000000	0.00000000
1	-0.00090000	-0.00580000	0.00630000	0.04160000	0.16900000	1.14420000	0.00000000	0.00000000	0.00000000
3	-0.03150000	0.00000000	-0.09810000	0.00000000	0.00000000	0.00000000	0.00000000	0.00000000	0.00000000
0	0.18910000	-0.16400000	1.12210000	0.17030000	-0.20890000	1.14050000	0.00000000	0.00000000	0.00000000
1	-0.00180000	-0.00600000	0.00550000	0.17030000	-0.20890000	1.14050000	0.00000000	0.00000000	0.00000000
3	-0.03970000	0.02810000	-0.22200000	0.00000000	0.00000000	0.00000000	0.00000000	0.00000000	0.00000000
0	0.23970000	-0.17990000	1.42140000	0.24390000	-0.19640000	1.01790000	0.00000000	0.00000000	0.00000000
1	-0.00300000	-0.00630000	0.00500000	0.24390000	-0.19640000	1.01790000	0.00000000	0.00000000	0.00000000
3	-0.06100000	0.03530000	-0.36340000	0.00000000	0.00000000	0.00000000	0.00000000	0.00000000	0.00000000
0	0.31920000	-0.22870000	1.60390000	-0.06860000	-0.00500000	0.77460000	0.00000000	0.00000000	0.00000000
1	-0.00450000	-0.00660000	0.00460000	-0.06860000	-0.00500000	0.77460000	0.00000000	0.00000000	0.00000000
3	-0.11330000	0.06060000	-0.45700000	0.00000000	0.00000000	0.00000000	0.00000000	0.00000000	0.00000000
0	0.31610000	-0.20180000	1.60100000	-0.02670000	0.00780000	-0.55370000	0.00000000	0.00000000	0.00000000
1	-0.00610000	-0.00690000	0.00440000	-0.02670000	0.00780000	-0.55370000	0.00000000	0.00000000	0.00000000
3	-0.11770000	0.04510000	-0.48410000	0.00000000	0.00000000	0.00000000	0.00000000	0.00000000	0.00000000
0	0.18720000	-0.17890000	1.04440000	-0.30920000	0.13730000	-3.06360000	0.00000000	0.00000000	0.00000000
1	-0.00760000	-0.00760000	0.00510000	-0.30920000	0.13730000	-3.06360000	0.00000000	0.00000000	0.00000000
3	-0.06000000	0.03950000	-0.26460000	0.00000000	0.00000000	0.00000000	0.00000000	0.00000000	0.00000000
0	0.12270000	0.04250000	0.19750000	-0.04690000	0.30530000	-1.76740000	0.00000000	0.00000000	0.00000000
1	-0.00850000	-0.00850000	0.00670000	-0.04690000	0.30530000	-1.76740000	0.00000000	0.00000000	0.00000000
3	-0.02300000	0.00000000	-0.00840000	0.00000000	0.00000000	0.00000000	0.00000000	0.00000000	0.00000000
0	0.15380000	0.11770000	-0.21160000	-0.03140000	0.06570000	-0.93000000	0.00000000	0.00000000	0.00000000
1	-0.00950000	-0.00930000	0.00850000	-0.03140000	0.06570000	-0.93000000	0.00000000	0.00000000	0.00000000
3	-0.03250000	-0.01020000	0.01770000	0.00000000	0.00000000	0.00000000	0.00000000	0.00000000	0.00000000
0	0.24510000	0.23130000	-0.66580000	0.07860000	0.31550000	-1.26840000	0.00000000	0.00000000	0.00000000
1	-0.00920000	-0.00940000	0.00970000	0.07860000	0.31550000	-1.26840000	0.00000000	0.00000000	0.00000000
3	-0.06600000	-0.04280000	0.11980000	0.00000000	0.00000000	0.00000000	0.00000000	0.00000000	0.00000000
0	0.43890000	0.29510000	-1.12240000	0.26750000	0.34940000	-1.42170000	0.00000000	0.00000000	0.00000000
1	-0.00890000	-0.00900000	0.01020000	0.26750000	0.34940000	-1.42170000	0.00000000	0.00000000	0.00000000
3	-0.18600000	-0.07660000	0.30460000	0.00000000	0.00000000	0.00000000	0.00000000	0.00000000	0.00000000
0	0.60270000	0.31030000	-1.36900000	0.03970000	0.34270000	-1.02530000	0.00000000	0.00000000	0.00000000
1	-0.00850000	-0.00820000	0.00960000	0.03970000	0.34270000	-1.02530000	0.00000000	0.00000000	0.00000000
3	-0.33570000	-0.08630000	0.42430000	0.00000000	0.00000000	0.00000000	0.00000000	0.00000000	0.00000000
0	0.61030000	0.26050000	-1.31830000	0.10600000	-0.27530000	1.56250000	0.00000000	0.00000000	0.00000000
1	-0.00840000	-0.00800000	0.00910000	0.10600000	-0.27530000	1.56250000	0.00000000	0.00000000	0.00000000
3	-0.37270000	-0.05120000	0.45660000	0.00000000	0.00000000	0.00000000	0.00000000	0.00000000	0.00000000
0	0.36760000	0.26790000	-0.37970000	0.20450000	-1.23590000	3.39040000	0.00000000	0.00000000	0.00000000
1	-0.00810000	-0.00810000	0.00910000	0.20450000	-1.23590000	3.39040000	0.00000000	0.00000000	0.00000000
3	-0.17720000	-0.07460000	0.08590000	0.00000000	0.00000000	0.00000000	0.00000000	0.00000000	0.00000000
0	0.09110000	0.06590000	0.53550000	-0.51210000	-1.01490000	3.14380000	0.00000000	0.00000000	0.00000000
1	-0.00720000	-0.00730000	0.00800000	-0.51210000	-1.01490000	3.14380000	0.00000000	0.00000000	0.00000000
3	-0.02340000	-0.00870000	-0.02830000	0.00000000	0.00000000	0.00000000	0.00000000	0.00000000	0.00000000
0	0.07470000	-0.05270000	0.98350000	-0.04760000	0.01800000	0.54970000	0.00000000	0.00000000	0.00000000
1	-0.00730000	-0.00670000	0.00630000	-0.04760000	0.01800000	0.54970000	0.00000000	0.00000000	0.00000000
3	-0.01170000	0.00000000	-0.18010000	0.00000000	0.00000000	0.00000000	0.00000000	0.00000000	0.00000000
abcdesg