0	0.0000	0.0000	0.0000	0.0000	0.0000	0.0000	0.0000	0.0000	0.0000
0	0.0000	0.0000	0.0000	0.0000	0.0000	0.0000	0.0000	0.0000	0.0000
0	0.0000	0.0000	0.0000	0.0000	0.0000	0.0000	0.0000	0.0000	0.0000
0	-0.0025	-0.0485	0.0694	-0.0005	0.0153	-0.0211	-0.7312	9.7104	0.3307
1	-0.0445	-0.0262	0.0424	0.0002	0.0026	0.0216	-8.1447	6.5085	0.4195
2	0.0001	-0.0120	0.1474	-0.0086	-0.0199	0.0098	0.1084	9.5245	-1.8346
0	-0.0029	-0.0482	0.0691	0.0386	-0.0073	-0.0212	-0.7917	9.8688	0.3713
1	-0.0436	-0.0259	0.0428	0.0295	0.0116	-0.0013	-8.1348	6.5256	0.4889
2	0.0004	-0.0124	0.1488	0.0244	0.0072	0.0248	-0.0054	9.5658	-1.7466
0	-0.0032	-0.0480	0.0687	0.0046	0.0108	-0.0186	-0.8045	9.8344	0.5739
1	-0.0437	-0.0251	0.0414	0.0354	-0.0091	-0.0016	-8.1725	6.5731	0.5115
2	0.0007	-0.0125	0.1494	0.0106	-0.0037	0.0170	0.1087	9.6211	-1.8807
0	-0.0032	-0.0476	0.0700	-0.0168	0.0037	-0.0293	-0.7502	9.6732	0.5199
1	-0.0433	-0.0246	0.0411	-0.0041	0.0207	0.0131	-8.2243	6.4889	0.4233
2	0.0006	-0.0130	0.1516	-0.0214	-0.0008	0.0168	0.1327	9.5821	-1.9655
0	-0.0042	-0.0478	0.0717	0.0002	-0.0226	-0.0537	-0.7828	9.8085	0.2255
1	-0.0430	-0.0243	0.0423	0.0013	0.0444	-0.0021	-8.2260	6.4128	0.4445
2	0.0012	-0.0132	0.1545	-0.0307	0.0038	0.0456	0.0795	9.5271	-1.9038
0	-0.0051	-0.0472	0.0721	-0.0437	0.0661	0.0006	-0.9428	10.0086	0.8612
1	-0.0437	-0.0220	0.0418	0.0502	0.0234	-0.0130	-8.2146	6.5722	0.5103
2	0.0025	-0.0131	0.1564	0.0004	-0.0284	0.0179	0.0572	9.7123	-1.7796
0	-0.0055	-0.0451	0.0748	-0.0703	0.0593	-0.0547	-0.8832	9.5257	0.5963
1	-0.0417	-0.0218	0.0430	-0.0386	0.0596	0.0652	-8.3285	6.5250	0.2726
2	0.0023	-0.0156	0.1601	-0.0571	-0.0454	0.0424	0.3390	9.5903	-2.0231
0	-0.0070	-0.0380	0.0809	-0.1651	0.2488	-0.0430	-0.7495	9.6772	0.6727
1	-0.0388	-0.0196	0.0454	-0.0449	0.1266	0.1171	-8.0868	6.3230	0.1924
2	0.0036	-0.0201	0.1660	-0.1273	-0.1924	0.0516	0.3130	9.2586	-2.0372
0	-0.0078	-0.0244	0.0875	-0.1053	0.3922	-0.0059	-0.8283	10.0095	0.1444
1	-0.0286	-0.0164	0.0517	-0.1073	0.2086	0.2690	-8.0147	6.3572	0.3721
2	0.0040	-0.0316	0.1748	-0.1268	-0.3652	0.0451	0.0877	9.3544	-1.8545
0	-0.0074	-0.0059	0.0923	-0.0876	0.4383	-0.0343	-0.9183	9.4601	0.1901
1	-0.0126	-0.0134	0.0573	-0.1121	0.1299	0.4137	-7.8741	6.6470	0.5156
2	0.0025	-0.0494	0.1814	-0.1135	-0.4556	0.0036	0.0616	9.4964	-1.5109
0	-0.0077	0.0112	0.1018	-0.3156	0.4351	0.0449	-0.9530	9.9214	0.0887
1	0.0044	-0.0100	0.0607	-0.0732	0.1810	0.3898	-7.8829	6.6003	0.2385
2	0.0024	-0.0689	0.1892	-0.2671	-0.3798	0.0099	0.4379	9.4184	-1.6140
0	-0.0031	0.0336	0.1172	-0.2509	0.3858	0.0363	-0.4821	8.8508	-0.8971
1	0.0218	-0.0090	0.0730	-0.3375	0.2500	0.4623	-7.4994	6.7962	0.1499
2	-0.0032	-0.0899	0.2057	-0.3157	-0.4620	-0.1017	0.1109	9.4307	-1.0202
0	-0.0030	0.0507	0.1300	-0.2673	0.4304	-0.0237	-0.9297	9.5521	-0.5263
1	0.0448	-0.0130	0.0922	-0.2227	0.1959	0.3807	-7.2561	6.9383	0.5712
2	-0.0072	-0.1062	0.2183	-0.2630	-0.3646	-0.0150	-0.1887	9.2609	-0.7085
0	-0.0051	0.0649	0.1385	-0.0827	0.1496	-0.0885	-0.9008	9.1243	-1.2422
1	0.0655	-0.0123	0.1065	-0.2764	0.2981	0.0013	-7.1901	7.2185	0.2578
2	-0.0081	-0.1242	0.2312	-0.1980	-0.3104	0.0255	0.1475	9.5654	-0.6539
0	-0.0135	0.0681	0.1415	-0.1449	0.1303	-0.2217	-0.9436	9.9719	0.0334
1	0.0719	-0.0097	0.1134	0.0498	0.1640	0.0177	-7.5515	7.2936	0.1989
2	-0.0034	-0.1310	0.2369	-0.0718	-0.0763	0.2202	0.2212	9.5404	-0.5489
0	-0.0218	0.0766	0.1535	-0.3244	0.2967	-0.1165	-0.9875	9.9615	-0.4085
1	0.0746	0.0029	0.1103	-0.0646	0.3039	0.1535	-7.4838	7.0907	0.0077
2	0.0049	-0.1384	0.2478	-0.2925	-0.2247	0.1447	0.4609	9.4798	-1.2008
0	-0.0254	0.0918	0.1684	-0.3061	0.3665	-0.0579	-0.7061	9.7868	-1.6287
1	0.0862	0.0110	0.1199	-0.2286	0.3431	0.3302	-7.2162	7.2934	0.1993
2	0.0079	-0.1521	0.2637	-0.3637	-0.3896	0.0463	0.2745	9.8044	-0.5833
0	-0.0311	0.1019	0.1756	-0.0594	0.0784	-0.2169	-0.5163	9.1620	-1.9916
1	0.1018	0.0161	0.1330	-0.1252	0.2725	0.2700	-7.0718	7.8720	0.5097
2	0.0101	-0.1667	0.2767	-0.1460	-0.1858	0.1538	-0.3879	9.8810	0.1973
0	-0.0408	0.1049	0.1761	-0.0347	0.0560	-0.2241	-1.2096	9.7518	-1.5110
1	0.1072	0.0257	0.1318	0.1505	0.1805	0.0075	-6.8400	7.8193	0.6714
2	0.0186	-0.1719	0.2797	-0.0233	-0.0720	0.2072	-0.0369	9.7706	0.1048
0	-0.0507	0.1074	0.1743	0.0373	0.0799	-0.2030	-1.3493	9.8700	-1.1542
1	0.1087	0.0397	0.1233	0.1728	0.1772	0.0125	-6.9373	7.9026	0.0285
2	0.0288	-0.1749	0.2801	0.0617	-0.0451	0.2235	0.3672	9.8695	0.1423
0	-0.0574	0.1170	0.1739	-0.0121	0.2683	-0.1636	-1.3271	9.2334	-1.6319
1	0.1116	0.0521	0.1131	0.1180	0.1171	0.1764	-6.7860	7.7560	-0.1253
2	0.0360	-0.1812	0.2791	-0.0264	-0.2668	0.1308	0.6375	9.5292	-0.1264
0	-0.0637	0.1270	0.1717	0.0365	0.2982	-0.0971	-1.3229	10.2489	-1.1075
1	0.1212	0.0607	0.1086	0.1478	0.1405	0.1770	-6.6207	7.6050	-0.1917
2	0.0425	-0.1922	0.2793	0.0538	-0.1921	0.1681	0.4433	9.4294	0.1336
0	-0.0666	0.1456	0.1675	0.1753	0.4034	-0.1628	-1.2441	8.9384	-2.0414
1	0.1339	0.0689	0.1026	0.0239	0.0522	0.4297	-6.6132	7.7687	0.0196
2	0.0457	-0.2093	0.2770	0.0925	-0.4462	0.0824	0.3629	9.4601	0.1266
0	-0.0723	0.1644	0.1565	0.2329	0.3562	-0.1544	-1.4652	9.7844	-1.6440
1	0.1528	0.0750	0.0950	0.2782	0.0277	0.3659	-6.4165	7.7337	-0.0518
2	0.0504	-0.2261	0.2697	0.2283	-0.3951	0.1436	0.3024	9.3194	0.4781
0	-0.0737	0.1830	0.1513	0.0295	0.4232	-0.0331	-1.4518	9.3471	-1.6948
1	0.1678	0.0838	0.0813	0.2048	-0.0122	0.3967	-6.5455	7.9293	-0.2224
2	0.0538	-0.2450	0.2608	0.0749	-0.4478	0.0101	0.7735	9.7418	0.1959
0	-0.0770	0.2020	0.1483	0.0876	0.3693	-0.1354	-1.6236	9.6506	-2.1112
1	0.1879	0.0872	0.0781	0.0479	0.0819	0.3701	-6.4974	7.9393	-0.4479
2	0.0552	-0.2642	0.2598	0.0535	-0.3578	0.0846	0.6785	9.4805	0.5670
0	-0.0790	0.2234	0.1453	0.0454	0.6093	0.0216	-1.7945	10.2514	-2.1510
1	0.2055	0.0936	0.0741	0.0580	0.0846	0.4669	-6.3657	8.1266	-0.4377
2	0.0581	-0.2832	0.2568	0.0366	-0.5451	0.0059	0.7760	9.6487	0.6081
0	-0.0779	0.2475	0.1436	0.0398	0.3909	-0.0474	-1.5772	9.2297	-2.4555
1	0.2318	0.0944	0.0773	-0.0335	0.0101	0.5882	-6.4313	8.5064	-0.4657
2	0.0556	-0.3087	0.2558	0.0314	-0.5084	-0.0351	0.8375	10.0192	0.8135
0	-0.0813	0.2587	0.1428	-0.0443	0.2016	-0.0842	-1.6393	9.9298	-2.2046
1	0.2506	0.0959	0.0773	0.0820	0.0713	0.2314	-6.5073	8.4081	-0.5755
2	0.0574	-0.3250	0.2546	-0.0137	-0.2165	0.0873	0.8560	9.8053	0.9339
0	-0.0832	0.2697	0.1449	-0.0629	0.2939	-0.0284	-1.5880	9.5109	-2.4651
1	0.2596	0.1010	0.0757	-0.0175	0.0894	0.2545	-6.3480	8.4983	-0.5542
2	0.0593	-0.3353	0.2564	-0.0603	-0.2875	0.0060	0.8564	9.8777	0.9419
0	-0.0846	0.2826	0.1481	-0.0889	0.3369	0.0001	-1.5839	9.7090	-2.6787
1	0.2718	0.1032	0.0787	-0.0363	0.1066	0.2748	-6.0209	8.5085	-0.5007
2	0.0602	-0.3474	0.2593	-0.0794	-0.2952	0.0131	0.7553	9.6068	1.1744
0	-0.0819	0.3026	0.1555	-0.1239	0.5255	0.1286	-1.7046	9.4247	-2.9746
1	0.2868	0.1051	0.0843	-0.1638	0.1117	0.4694	-5.7048	8.6096	-0.4618
2	0.0585	-0.3633	0.2640	-0.1228	-0.4274	-0.1296	0.6988	9.5860	1.4163
0	-0.0771	0.3260	0.1619	-0.0918	0.5557	0.1660	-1.4988	9.5004	-3.1660
1	0.3100	0.1015	0.0977	-0.2583	0.0523	0.4337	-5.2278	8.7469	-0.4558
2	0.0530	-0.3840	0.2694	-0.0870	-0.5313	-0.1668	0.6288	9.4254	1.7435
0	-0.0715	0.3487	0.1679	-0.0599	0.4834	0.1308	-1.5381	9.1083	-3.6166
1	0.3377	0.0955	0.1118	-0.2303	0.0198	0.5832	-5.3575	8.8714	-0.4202
2	0.0452	-0.4072	0.2747	-0.0870	-0.4854	-0.1745	0.5064	9.4913	1.9420
0	-0.0685	0.3696	0.1719	-0.0532	0.3723	0.0193	-1.4212	8.8371	-3.6345
1	0.3598	0.0909	0.1220	-0.1120	0.0122	0.4183	-5.1097	8.9356	-0.4466
2	0.0391	-0.4301	0.2791	-0.0802	-0.3874	-0.0837	0.5131	9.3489	2.1699
0	-0.0691	0.3857	0.1730	-0.0135	0.3947	-0.0171	-1.3858	9.1032	-3.6844
1	0.3769	0.0901	0.1273	-0.0235	0.0637	0.2920	-4.7906	8.9070	-0.5005
2	0.0381	-0.4461	0.2820	-0.0513	-0.3717	-0.0034	0.3918	9.0961	2.3997
0	-0.0689	0.4045	0.1748	-0.0630	0.4187	0.0140	-1.4501	8.8131	-3.8227
1	0.3925	0.0922	0.1289	-0.0359	0.0611	0.3943	-4.5614	8.9793	-0.3763
2	0.0376	-0.4644	0.2839	-0.0840	-0.4343	-0.0522	0.4830	9.1575	2.3766
0	-0.0704	0.4197	0.1770	-0.0409	0.2630	-0.0478	-1.4097	8.8005	-4.1527
1	0.4090	0.0934	0.1329	-0.0502	0.0909	0.3299	-4.5958	8.9847	-0.4915
2	0.0375	-0.4819	0.2876	-0.0716	-0.3076	0.0123	0.4579	9.1262	2.6122
0	-0.0745	0.4298	0.1779	-0.0418	0.1647	-0.1371	-1.3750	8.5085	-4.4006
1	0.4211	0.0965	0.1349	-0.0140	0.0964	0.2195	-4.4921	9.0963	-0.4538
2	0.0403	-0.4942	0.2891	-0.0655	-0.1971	0.0822	0.3998	9.0385	2.8388
0	-0.0805	0.4378	0.1766	-0.0229	0.1755	-0.1070	-1.4995	9.0304	-4.3621
1	0.4291	0.1025	0.1339	0.0829	0.1340	0.1208	-4.2218	9.1672	-0.4941
2	0.0461	-0.5022	0.2883	-0.0392	-0.1703	0.1098	0.4024	9.0851	2.9653
0	-0.0846	0.4468	0.1751	0.0066	0.1556	-0.1206	-1.5095	8.7031	-4.4729
1	0.4372	0.1083	0.1321	0.0356	0.0994	0.2000	-4.2199	9.3416	-0.4721
2	0.0505	-0.5111	0.2871	-0.0073	-0.1789	0.0867	0.4220	9.2128	3.0537
0	-0.0885	0.4541	0.1724	0.0178	0.2206	-0.1145	-1.5975	8.8994	-4.1986
1	0.4448	0.1129	0.1298	0.0937	0.0824	0.1351	-4.1189	9.2990	-0.5451
2	0.0548	-0.5187	0.2842	0.0178	-0.1799	0.1062	0.4898	9.0336	3.0806
0	-0.0913	0.4686	0.1717	-0.0543	0.3590	-0.0359	-1.6073	8.7302	-4.3286
1	0.4536	0.1175	0.1265	0.0575	0.0802	0.2734	-3.9735	9.1719	-0.6159
2	0.0578	-0.5308	0.2823	-0.0405	-0.3369	0.0249	0.6702	8.9140	2.9078
0	-0.0945	0.4836	0.1728	-0.0724	0.3560	-0.0798	-1.6169	8.4592	-4.4894
1	0.4677	0.1213	0.1276	-0.0116	0.1239	0.3304	-3.9737	9.2134	-0.7155
2	0.0603	-0.5460	0.2834	-0.0701	-0.3454	0.0585	0.6619	8.8766	3.0823
0	-0.0999	0.5031	0.1756	-0.1245	0.4478	-0.1089	-1.6669	8.1041	-4.8967
1	0.4821	0.1269	0.1293	-0.0301	0.1691	0.3562	-3.7113	9.1863	-0.7616
2	0.0646	-0.5636	0.2855	-0.1310	-0.4826	0.0730	0.7037	8.5294	3.2674
0	-0.1080	0.5243	0.1760	-0.0610	0.4755	-0.1405	-2.0065	8.5964	-4.8238
1	0.5015	0.1361	0.1321	0.0215	0.2250	0.3713	-3.4562	9.2120	-0.8886
2	0.0717	-0.5848	0.2874	-0.0786	-0.4400	0.1439	0.7011	8.4682	3.6680
0	-0.1135	0.5447	0.1779	-0.1047	0.4246	-0.1010	-1.9285	8.1997	-5.1638
1	0.5207	0.1453	0.1322	-0.0040	0.1856	0.4724	-3.3913	9.3336	-0.9972
2	0.0775	-0.6059	0.2883	-0.1321	-0.4858	0.0525	0.9607	8.7653	3.5347
0	-0.1223	0.5559	0.1782	-0.0921	0.1435	-0.2075	-1.7316	8.1430	-5.4119
1	0.5408	0.1530	0.1357	0.0010	0.1878	0.2747	-3.6285	9.4429	-1.0354
2	0.0837	-0.6219	0.2900	-0.1004	-0.1803	0.1627	0.7851	8.8518	3.8781
0	-0.1296	0.5709	0.1777	-0.0917	0.4933	-0.0863	-2.0815	8.9784	-5.0865
1	0.5492	0.1633	0.1342	0.0743	0.2164	0.2611	-3.1301	9.5987	-0.9555
2	0.0938	-0.6338	0.2880	-0.0819	-0.4182	0.1130	0.7501	8.5632	4.1118
0	-0.1323	0.5963	0.1813	-0.0644	0.5183	-0.0477	-1.8807	7.7308	-5.6527
1	0.5689	0.1707	0.1378	-0.1277	0.1696	0.6027	-2.9969	9.7818	-1.0184
2	0.0968	-0.6558	0.2905	-0.1109	-0.5524	-0.0363	0.8865	8.8039	4.0552
0	-0.1360	0.6201	0.1823	-0.0784	0.5965	-0.0570	-2.0495	8.2949	-5.5554
1	0.5932	0.1740	0.1458	-0.0496	0.1456	0.5489	-2.9343	9.6109	-1.0728
2	0.0993	-0.6798	0.2922	-0.0864	-0.5702	0.0386	0.8442	8.4093	4.2876
0	-0.1405	0.6454	0.1832	-0.0434	0.4777	-0.1236	-1.9235	7.4040	-6.2352
1	0.6182	0.1802	0.1514	-0.0623	0.1823	0.5494	-2.7258	9.7431	-1.2125
2	0.1028	-0.7052	0.2940	-0.0966	-0.5516	0.0574	0.9181	8.4314	4.5025
0	-0.1448	0.6653	0.1819	-0.0504	0.4471	-0.0508	-2.1867	8.0088	-6.0997
1	0.6411	0.1880	0.1554	0.0382	0.1882	0.4391	-2.3018	9.7027	-1.2023
2	0.1077	-0.7283	0.2925	-0.0583	-0.4530	0.0537	0.9460	8.3316	4.8354
0	-0.1472	0.6857	0.1827	-0.0703	0.3637	-0.0395	-2.0934	7.2898	-6.2335
1	0.6598	0.1937	0.1585	-0.0351	0.1169	0.4232	-2.2350	9.8645	-1.3352
2	0.1102	-0.7476	0.2924	-0.0699	-0.4265	0.0056	1.0530	8.3074	4.9534
0	-0.1509	0.6979	0.1824	-0.0458	0.2157	-0.0805	-2.1630	7.5318	-6.4432
1	0.6755	0.1986	0.1633	-0.0478	0.1711	0.2843	-2.0258	9.7791	-1.4584
2	0.1142	-0.7629	0.2925	-0.0653	-0.2489	0.0900	1.0613	8.0030	5.1734
0	-0.1541	0.7075	0.1814	-0.0398	0.2414	-0.0857	-2.1220	7.2359	-6.3223
1	0.6848	0.2051	0.1659	-0.0270	0.1094	0.1965	-1.8023	9.7692	-1.4728
2	0.1186	-0.7728	0.2906	-0.0348	-0.2122	0.0697	1.0441	7.8793	5.2860
0	-0.1581	0.7212	0.1799	-0.0441	0.2564	-0.0878	-2.2462	7.2239	-6.4249
1	0.6962	0.2099	0.1681	0.0103	0.1334	0.3114	-1.4993	9.6329	-1.5549
2	0.1228	-0.7859	0.2877	-0.0291	-0.2822	0.0732	1.0706	7.6059	5.2486
0	-0.1624	0.7316	0.1791	-0.0533	0.2155	-0.1157	-2.1765	7.0309	-6.6477
1	0.7091	0.2155	0.1697	-0.0009	0.1296	0.2358	-1.5623	9.6650	-1.5970
2	0.1270	-0.7970	0.2856	-0.0613	-0.2220	0.0755	1.1505	7.7191	5.3269
0	-0.1675	0.7421	0.1767	-0.0498	0.1889	-0.0846	-2.3842	7.2914	-6.5927
1	0.7189	0.2212	0.1710	0.0466	0.1387	0.2135	-1.4135	9.7107	-1.6216
2	0.1326	-0.8078	0.2819	-0.0317	-0.2092	0.1018	1.0802	7.6507	5.4662
0	-0.1726	0.7479	0.1761	-0.0740	0.0973	-0.1330	-2.3148	6.8715	-6.8169
1	0.7277	0.2265	0.1716	-0.0201	0.1197	0.1510	-1.4231	9.7521	-1.6823
2	0.1374	-0.8152	0.2797	-0.0734	-0.1049	0.1084	1.2384	7.6270	5.5209
0	-0.1779	0.7524	0.1742	-0.0564	0.0798	-0.1228	-2.4080	7.0857	-6.7269
1	0.7325	0.2327	0.1726	0.0243	0.1584	0.1145	-1.1927	9.6702	-1.7828
2	0.1440	-0.8203	0.2764	-0.0497	-0.0958	0.1309	1.1969	7.4191	5.6593
0	-0.1824	0.7582	0.1727	-0.0405	0.1657	-0.0751	-2.4965	7.1836	-6.4895
1	0.7372	0.2392	0.1726	0.0097	0.1174	0.1158	-1.2352	9.7141	-1.7795
2	0.1494	-0.8250	0.2731	-0.0340	-0.1293	0.0811	1.3203	7.6228	5.5516
0	-0.1860	0.7702	0.1720	-0.0466	0.3453	-0.0688	-2.5896	7.2354	-6.7410
1	0.7439	0.2432	0.1739	-0.0022	0.1046	0.2453	-1.2292	9.6984	-1.8756
2	0.1532	-0.8339	0.2706	-0.0432	-0.3062	0.0590	1.4346	7.4861	5.4747
0	-0.1885	0.7851	0.1715	-0.0106	0.3156	-0.0299	-2.5312	7.0282	-7.0994
1	0.7571	0.2483	0.1768	-0.0040	0.1326	0.3480	-1.1842	9.8184	-1.9686
2	0.1565	-0.8485	0.2687	-0.0302	-0.3304	0.0262	1.4219	7.6721	5.7175
0	-0.1896	0.7970	0.1695	0.0027	0.2048	-0.0744	-2.4832	6.7642	-7.0424
1	0.7710	0.2518	0.1799	0.0096	0.0557	0.2966	-1.0925	9.9059	-1.8843
2	0.1578	-0.8618	0.2663	0.0052	-0.2276	0.0407	1.3103	7.5564	5.9741
0	-0.1916	0.8078	0.1673	0.0140	0.2961	-0.0666	-2.6016	6.8883	-7.1282
1	0.7812	0.2544	0.1808	0.0240	0.0876	0.2053	-0.9068	9.8159	-1.9632
2	0.1601	-0.8714	0.2626	-0.0067	-0.2446	0.0495	1.3773	7.3679	5.9439
0	-0.1916	0.8216	0.1654	0.0219	0.2693	-0.0108	-2.6065	6.6985	-7.0235
1	0.7937	0.2580	0.1829	0.0265	0.0646	0.3363	-0.6792	9.7912	-1.9802
2	0.1612	-0.8849	0.2588	0.0263	-0.3170	0.0029	1.4076	7.3546	5.9271
0	-0.1925	0.8313	0.1645	-0.0042	0.1749	-0.0645	-2.5122	6.2683	-7.3503
1	0.8066	0.2592	0.1853	-0.0047	0.0413	0.2170	-0.8672	9.7258	-2.0507
2	0.1617	-0.8957	0.2564	-0.0141	-0.1939	0.0324	1.5034	7.2893	5.9228
0	-0.1947	0.8406	0.1613	-0.0109	0.1836	-0.0972	-2.5545	6.3336	-7.0440
1	0.8143	0.2619	0.1862	0.0438	0.0716	0.1803	-0.4776	9.6353	-2.0917
2	0.1642	-0.9043	0.2523	0.0178	-0.1923	0.0800	1.3695	6.8889	6.2097
0	-0.1992	0.8463	0.1583	-0.0518	0.0139	-0.1452	-2.5993	6.2983	-7.4748
1	0.8218	0.2653	0.1859	0.0446	0.1125	0.1484	-0.3740	9.5669	-2.1508
2	0.1682	-0.9124	0.2474	-0.0340	-0.1214	0.1221	1.5427	6.9185	6.0927
0	-0.2028	0.8454	0.1555	0.0301	-0.0294	-0.0175	-2.7082	6.9850	-7.4712
1	0.8245	0.2712	0.1844	0.0650	0.1318	-0.0435	-0.5281	9.7562	-2.1123
2	0.1741	-0.9132	0.2420	0.0022	0.0547	0.1022	1.4101	7.2722	6.3331
0	-0.2009	0.8472	0.1535	0.0437	0.1231	-0.0033	-2.5764	6.4125	-6.7762
1	0.8231	0.2727	0.1820	0.0492	-0.0460	0.0275	-0.3828	9.8854	-1.9220
2	0.1736	-0.9133	0.2373	0.0791	-0.0543	0.0051	1.3632	7.1603	6.3110
0	-0.2005	0.8592	0.1531	0.0054	0.3265	-0.0345	-2.5561	6.0026	-7.2838
1	0.8272	0.2714	0.1814	-0.0045	0.0035	0.1866	-0.2482	9.4271	-2.1569
2	0.1727	-0.9209	0.2336	-0.0036	-0.2868	-0.0064	1.5507	6.5376	5.8851
0	-0.2010	0.8763	0.1524	0.0074	0.2794	0.0068	-2.7414	6.4628	-7.6289
1	0.8421	0.2739	0.1853	-0.0034	0.0707	0.3436	-0.0749	9.4450	-2.1969
2	0.1738	-0.9381	0.2308	-0.0038	-0.3117	-0.0093	1.5069	6.9166	6.3156
0	-0.2004	0.8857	0.1523	0.0035	0.1528	-0.0119	-2.6496	5.9623	-7.5936
1	0.8559	0.2758	0.1890	-0.0107	0.0222	0.2435	-0.2788	9.8566	-2.1510
2	0.1735	-0.9494	0.2288	0.0087	-0.1898	-0.0091	1.4973	7.1039	6.5009
0	-0.2009	0.8919	0.1523	-0.0157	0.1195	0.0007	-2.5990	6.0426	-7.6603
1	0.8632	0.2768	0.1909	0.0007	0.0373	0.1201	-0.0770	9.6865	-2.2461
2	0.1744	-0.9564	0.2260	-0.0133	-0.1232	-0.0061	1.5135	6.7248	6.4942
0	-0.2011	0.8955	0.1510	0.0252	0.0698	-0.0274	-2.7422	6.2830	-7.6782
1	0.8686	0.2782	0.1931	0.0053	0.0248	0.0779	0.1048	9.6357	-2.1956
2	0.1753	-0.9611	0.2231	0.0253	-0.0413	0.0420	1.4196	6.6855	6.6674
0	-0.2001	0.9016	0.1509	0.0139	0.1906	0.0327	-2.5989	5.8916	-7.5565
1	0.8718	0.2787	0.1928	0.0052	-0.0049	0.1266	0.2372	9.7325	-2.2335
2	0.1753	-0.9655	0.2193	0.0128	-0.1663	-0.0365	1.5429	6.6298	6.5727
0	-0.1985	0.9087	0.1518	0.0030	0.1382	0.0643	-2.6129	6.3469	-7.5585
1	0.8797	0.2783	0.1955	-0.0072	-0.0005	0.1776	0.2014	9.5115	-2.2040
2	0.1742	-0.9733	0.2174	0.0128	-0.1559	-0.0347	1.4669	6.6060	6.4718
0	-0.1972	0.9131	0.1550	-0.0304	0.0605	0.0333	-2.5059	5.5569	-7.8031
1	0.8856	0.2775	0.1987	-0.0754	-0.0278	0.1273	-0.0198	9.6872	-2.1215
2	0.1728	-0.9787	0.2173	-0.0313	-0.0943	-0.0594	1.4459	6.6991	6.5652
0	-0.1977	0.9140	0.1560	-0.0051	0.0339	-0.0085	-2.5493	5.8886	-7.7154
1	0.8884	0.2771	0.2026	-0.0318	0.0182	0.0061	0.3223	9.5371	-2.1798
2	0.1735	-0.9803	0.2161	-0.0097	-0.0049	0.0095	1.2896	6.3840	6.7651
0	-0.1976	0.9170	0.1565	-0.0209	0.0767	0.0249	-2.6703	5.8737	-7.5493
1	0.8895	0.2777	0.2037	-0.0125	0.0137	0.0831	0.4382	9.5557	-2.1148
2	0.1739	-0.9828	0.2135	-0.0020	-0.0849	-0.0181	1.4076	6.4059	6.6783
0	-0.1976	0.9183	0.1575	-0.0022	0.0147	0.0176	-2.4923	5.9376	-7.8287
1	0.8924	0.2779	0.2057	-0.0332	0.0100	0.0432	0.2737	9.5521	-2.2883
2	0.1745	-0.9852	0.2120	-0.0086	-0.0239	-0.0096	1.5200	6.5479	6.6255
0	-0.1967	0.9182	0.1595	-0.0281	0.0296	0.0658	-2.6003	5.8949	-7.6955
1	0.8929	0.2778	0.2072	-0.0237	-0.0138	0.0053	0.2847	9.6440	-2.0976
2	0.1745	-0.9854	0.2103	-0.0133	-0.0020	-0.0473	1.3513	6.6323	6.6854
0	-0.1967	0.9197	0.1618	-0.0297	0.1176	0.0403	-2.6238	6.1151	-7.5145
1	0.8933	0.2767	0.2099	-0.0491	-0.0065	0.0357	0.3948	9.6056	-2.1853
2	0.1744	-0.9860	0.2096	-0.0133	-0.0238	-0.0054	1.4192	6.3256	6.7075
0	-0.1957	0.9269	0.1656	-0.0359	0.2086	0.0689	-2.5093	5.5922	-7.8332
1	0.8964	0.2768	0.2126	-0.0714	-0.0187	0.1879	0.5028	9.4912	-2.2160
2	0.1737	-0.9916	0.2093	-0.0369	-0.2146	-0.1010	1.4808	6.3497	6.5815
0	-0.1944	0.9367	0.1677	0.0590	0.2695	0.0305	-2.5281	5.4247	-8.4402
1	0.9052	0.2765	0.2188	-0.0866	0.0042	0.2252	0.4499	9.5319	-2.1936
2	0.1727	-1.0005	0.2100	0.0011	-0.2585	-0.0628	1.2104	6.2576	6.8954
0	-0.1912	0.9451	0.1656	0.0672	0.0586	-0.0282	-2.4640	5.4565	-7.7051
1	0.9188	0.2778	0.2262	-0.0091	-0.0272	0.2422	0.8532	9.6807	-1.9733
2	0.1697	-1.0103	0.2060	0.0913	-0.1190	0.0007	1.1387	6.2935	7.1661
0	-0.1912	0.9452	0.1637	-0.0153	-0.0479	-0.0308	-2.5831	5.7221	-7.7466
1	0.9241	0.2767	0.2259	0.0394	0.0090	-0.0015	0.4676	9.4793	-2.2233
2	0.1695	-1.0120	0.2007	0.0170	0.0376	0.0515	1.4427	6.3680	6.6893
0	-0.1922	0.9410	0.1627	-0.0016	-0.1112	-0.0331	-2.5503	5.7139	-7.7726
1	0.9218	0.2775	0.2247	-0.0005	0.0196	-0.0915	0.4972	9.4862	-2.2894
2	0.1715	-1.0095	0.1969	-0.0002	0.0924	0.0427	1.4451	6.3587	6.7733
0	-0.1939	0.9356	0.1635	-0.0814	-0.0950	0.0262	-2.5737	6.0013	-7.7515
1	0.9160	0.2783	0.2230	-0.0025	0.0340	-0.1548	0.5176	9.5388	-2.2280
2	0.1741	-1.0044	0.1930	-0.0632	0.1276	0.0265	1.4653	6.4262	6.6426
0	-0.1942	0.9326	0.1655	-0.0047	-0.0423	0.0227	-2.5101	5.8121	-7.8281
1	0.9101	0.2795	0.2241	-0.0573	-0.0070	-0.0633	0.5486	9.5695	-2.1603
2	0.1758	-1.0007	0.1921	-0.0039	0.0452	-0.0089	1.3223	6.3484	6.8229
0	-0.1935	0.9297	0.1670	-0.0050	-0.0739	0.0334	-2.5674	5.7937	-7.9308
1	0.9075	0.2787	0.2250	-0.0317	-0.0192	-0.0484	0.5292	9.5832	-2.1356
2	0.1758	-0.9983	0.1899	-0.0105	0.0686	-0.0219	1.3323	6.4425	6.7708
0	-0.1899	0.9257	0.1696	0.0432	-0.0290	0.1485	-2.6513	6.1251	-7.8440
1	0.9041	0.2774	0.2258	-0.0231	-0.0676	-0.0852	0.4468	9.6223	-2.1288
2	0.1745	-0.9945	0.1884	0.0367	0.0750	-0.1085	1.3125	6.6669	6.8644
0	-0.1870	0.9237	0.1732	-0.0301	-0.0720	0.0139	-2.3933	5.2761	-7.7572
1	0.9020	0.2723	0.2280	-0.0775	-0.1121	0.0150	0.5456	9.6449	-2.1901
2	0.1707	-0.9923	0.1888	-0.0083	0.0480	-0.0613	1.4743	6.1932	6.6682
0	-0.1867	0.9202	0.1742	0.0073	-0.0732	0.0604	-2.4654	6.3381	-7.8376
1	0.8998	0.2709	0.2301	-0.0159	0.0099	-0.0807	0.5373	9.3140	-2.2840
2	0.1717	-0.9891	0.1866	0.0011	0.0704	0.0099	1.2504	6.1854	6.7096
0	-0.1839	0.9121	0.1777	-0.0120	-0.2223	0.1218	-2.4342	6.2547	-7.7734
1	0.8961	0.2697	0.2305	-0.0575	-0.0607	-0.1235	0.3431	9.7464	-1.9478
2	0.1706	-0.9844	0.1853	0.0061	0.1859	-0.0688	1.2181	6.9599	6.7622
0	-0.1814	0.8971	0.1832	-0.0667	-0.4492	0.1160	-2.4363	5.8549	-7.8880
1	0.8859	0.2657	0.2321	-0.0917	-0.0890	-0.2687	0.0179	9.9363	-2.0022
2	0.1687	-0.9714	0.1860	-0.0458	0.3584	-0.0772	1.3527	6.9181	6.6646
0	-0.1811	0.8661	0.1886	-0.1127	-0.8033	0.1428	-2.3493	6.6890	-7.3470
1	0.8661	0.2626	0.2328	-0.0660	-0.0325	-0.5785	-0.0321	9.8155	-2.1412
2	0.1701	-0.9482	0.1858	-0.0412	0.6787	0.0269	1.3035	7.0699	6.7137
0	-0.1805	0.8210	0.1970	-0.0848	-1.0342	0.0443	-2.3092	6.0596	-7.4227
1	0.8271	0.2603	0.2307	-0.2041	-0.0692	-1.0060	-0.5665	9.9497	-1.9506
2	0.1728	-0.9099	0.1872	-0.1002	1.0542	0.0180	1.2659	7.2876	6.3937
0	-0.1818	0.7860	0.2000	-0.0773	-0.4427	0.0249	-2.3761	7.2379	-6.4134
1	0.7820	0.2569	0.2271	-0.0490	-0.0696	-0.9265	-0.1140	9.5747	-2.0205
2	0.1772	-0.8657	0.1850	-0.0449	0.6187	0.0525	1.2809	6.5499	6.0176
0	-0.1812	0.7764	0.2050	-0.0424	0.0089	0.1526	-2.4930	7.2101	-6.8359
1	0.7580	0.2555	0.2260	-0.1046	-0.0069	-0.2257	-0.3822	9.6311	-1.9959
2	0.1789	-0.8513	0.1851	-0.0542	0.0956	-0.0853	1.3843	6.9770	5.5556
0	-0.1774	0.7749	0.2093	0.0233	-0.0981	0.0578	-2.2992	6.4986	-7.0313
1	0.7555	0.2516	0.2312	-0.1184	-0.1075	0.0217	-0.7787	9.6744	-1.8588
2	0.1751	-0.8494	0.1881	0.0016	0.0257	-0.1031	1.2549	7.2603	5.7896
0	-0.1746	0.7689	0.2099	0.0266	-0.1350	0.0654	-2.3349	6.9846	-6.8287
1	0.7530	0.2471	0.2331	0.0136	-0.0713	-0.1433	-1.0197	9.6385	-1.8898
2	0.1728	-0.8448	0.1863	0.0416	0.1462	-0.0312	1.1772	7.3335	5.8647
0	-0.1713	0.7629	0.2113	0.0237	-0.1541	0.0187	-2.2663	6.7191	-6.9343
1	0.7462	0.2431	0.2321	-0.0303	-0.0871	-0.1108	-0.9867	9.7042	-1.8042
2	0.1700	-0.8385	0.1843	0.0297	0.1244	-0.0428	1.2387	7.3725	5.6863
0	-0.1698	0.7531	0.2105	0.0136	-0.3020	0.0267	-2.2984	7.0740	-6.7197
1	0.7391	0.2398	0.2311	0.0409	-0.0538	-0.2284	-1.1061	9.7053	-1.8211
2	0.1691	-0.8308	0.1807	0.0523	0.2703	0.0239	1.1942	7.5114	5.7307
0	-0.1685	0.7373	0.2101	0.0421	-0.4183	0.0034	-2.2778	6.9581	-6.9182
1	0.7280	0.2376	0.2284	-0.0046	-0.0601	-0.3144	-1.2711	9.7577	-1.7566
2	0.1689	-0.8171	0.1772	0.0510	0.3778	0.0448	1.1955	7.5843	5.6396
0	-0.1650	0.7179	0.2102	0.0450	-0.5031	0.0573	-2.1549	6.5993	-6.6303
1	0.7105	0.2347	0.2239	0.0318	-0.0787	-0.3995	-1.2584	9.7515	-1.6820
2	0.1681	-0.7994	0.1718	0.0880	0.4630	-0.0130	1.1218	7.7027	5.5911
0	-0.1641	0.6921	0.2070	0.0237	-0.5378	-0.0174	-2.2607	8.1519	-5.9002
1	0.6914	0.2305	0.2202	0.0634	-0.0676	-0.5232	-1.3222	9.5218	-1.7364
2	0.1678	-0.7756	0.1645	0.1165	0.5811	0.1313	1.1378	7.4180	5.4884
0	-0.1632	0.6729	0.2070	0.0010	-0.3222	0.0106	-2.3112	7.8180	-5.8667
1	0.6688	0.2287	0.2128	0.0177	-0.0661	-0.4823	-1.8088	9.8075	-1.7047
2	0.1692	-0.7532	0.1588	0.0342	0.3994	0.0350	1.2911	8.0850	4.8849
0	-0.1625	0.6561	0.2095	-0.0382	-0.3594	0.0487	-2.3276	7.7493	-6.0992
1	0.6500	0.2257	0.2101	-0.0361	-0.0467	-0.3067	-2.0948	9.7352	-1.6805
2	0.1699	-0.7375	0.1565	-0.0279	0.3341	-0.0068	1.3598	8.2763	4.7202
0	-0.1603	0.6426	0.2124	0.0014	-0.2209	0.0970	-2.2387	7.9129	-5.8882
1	0.6348	0.2232	0.2101	-0.0547	-0.0669	-0.3416	-2.2935	9.7733	-1.6184
2	0.1696	-0.7207	0.1563	-0.0003	0.2721	-0.0514	1.2027	8.2723	4.8195
0	-0.1573	0.6320	0.2155	-0.0350	-0.2126	0.0557	-2.1753	7.7031	-5.7340
1	0.6238	0.2186	0.2117	-0.0753	-0.0910	-0.2018	-2.1871	9.7032	-1.5252
2	0.1673	-0.7105	0.1561	-0.0102	0.2173	-0.0321	1.1677	8.0610	4.6861
0	-0.1555	0.6226	0.2179	-0.0021	-0.1943	0.0471	-2.0372	7.6417	-5.8365
1	0.6137	0.2155	0.2131	-0.0559	-0.0396	-0.2250	-2.3621	9.5310	-1.5382
2	0.1664	-0.7002	0.1559	0.0005	0.2311	-0.0266	1.0772	8.1478	4.5914
0	-0.1536	0.6158	0.2197	-0.0212	-0.1522	0.0503	-2.0220	7.9080	-5.9767
1	0.6045	0.2128	0.2137	-0.0227	-0.0499	-0.1583	-2.2308	9.5093	-1.3762
2	0.1653	-0.6927	0.1545	-0.0059	0.1343	-0.0165	0.9941	8.0399	4.5378
0	-0.1505	0.6076	0.2188	0.1067	-0.1687	0.0443	-2.1372	8.0731	-5.6243
1	0.5964	0.2109	0.2144	-0.0076	-0.0251	-0.2577	-2.3853	9.6822	-1.2982
2	0.1641	-0.6845	0.1522	0.1040	0.1892	-0.0020	0.8600	8.3047	4.7811
0	-0.1461	0.6003	0.2175	0.0392	-0.1489	0.0705	-2.1068	8.1777	-5.1950
1	0.5883	0.2066	0.2114	0.0402	-0.1215	-0.1762	-2.5441	9.6677	-1.3370
2	0.1609	-0.6774	0.1474	0.0913	0.1777	-0.0328	1.1006	8.3937	4.3855
0	-0.1415	0.5966	0.2188	0.0589	-0.0088	0.1101	-2.2354	8.0579	-5.4897
1	0.5805	0.2020	0.2101	-0.0426	-0.0869	-0.1210	-2.8092	9.5155	-1.4507
2	0.1575	-0.6716	0.1453	0.0433	0.0700	-0.0891	1.2196	8.3351	4.1423
0	-0.1349	0.5971	0.2217	0.0204	0.0173	0.1742	-2.1163	7.7114	-5.4472
1	0.5781	0.1965	0.2118	-0.0426	-0.1278	0.0179	-2.6851	9.4462	-1.4327
2	0.1517	-0.6712	0.1446	0.0350	-0.0310	-0.1534	1.1914	8.3058	4.1817
0	-0.1299	0.5896	0.2230	0.0569	-0.3874	0.0091	-1.8725	7.7006	-6.0557
1	0.5780	0.1900	0.2160	-0.0494	-0.0693	-0.1157	-2.8380	9.3982	-1.4208
2	0.1463	-0.6691	0.1440	0.0629	0.2321	-0.0078	0.9531	8.2731	4.3236
0	-0.1282	0.5698	0.2201	0.0790	-0.4749	-0.0141	-2.0179	8.6369	-5.5365
1	0.5634	0.1884	0.2143	0.0735	-0.0640	-0.4727	-3.0271	9.6895	-1.2345
2	0.1463	-0.6532	0.1379	0.1158	0.4857	0.0803	0.8124	8.7462	4.5358
0	-0.1263	0.5517	0.2172	0.0444	-0.3700	0.0205	-1.8574	8.7885	-4.9467
1	0.5429	0.1859	0.2091	0.0679	-0.1084	-0.4706	-3.1731	9.9116	-1.2251
2	0.1468	-0.6327	0.1307	0.0924	0.4050	0.0506	0.9952	8.8081	4.1075
0	-0.1222	0.5377	0.2197	-0.0298	-0.2134	0.1315	-1.9087	8.6426	-4.9729
1	0.5247	0.1819	0.2057	-0.0346	-0.0989	-0.3195	-3.3270	9.6766	-1.1378
2	0.1453	-0.6171	0.1285	-0.0121	0.2608	-0.0923	1.0287	8.9639	3.7023
0	-0.1180	0.5278	0.2255	-0.1157	-0.2580	0.1358	-1.7622	8.3253	-4.9601
1	0.5135	0.1755	0.2086	-0.1025	-0.1258	-0.2088	-3.3864	9.5883	-1.1267
2	0.1412	-0.6068	0.1311	-0.0739	0.2277	-0.1105	0.9788	8.7934	3.6880
0	-0.1149	0.5123	0.2330	-0.1105	-0.3417	0.1404	-1.7996	8.5477	-5.0420
1	0.5021	0.1697	0.2138	-0.1471	-0.0698	-0.3298	-3.6012	9.4762	-1.0840
2	0.1386	-0.5921	0.1357	-0.0955	0.3693	-0.0934	0.8166	8.8871	3.7336
0	-0.1108	0.4969	0.2403	-0.0639	-0.2873	0.1097	-1.7666	8.3370	-5.0086
1	0.4858	0.1631	0.2210	-0.1657	-0.0944	-0.2748	-3.4352	9.4852	-0.9634
2	0.1356	-0.5769	0.1400	-0.0602	0.2948	-0.0955	0.7666	8.7288	3.7568
0	-0.1082	0.4815	0.2444	-0.0101	-0.3089	0.0233	-1.5936	8.1797	-4.9355
1	0.4732	0.1572	0.2262	-0.1066	-0.0673	-0.3083	-3.4589	9.4175	-0.9967
2	0.1332	-0.5618	0.1425	-0.0381	0.3374	-0.0269	0.7523	8.6564	3.7150
0	-0.1068	0.4710	0.2437	0.0455	-0.1579	0.0315	-1.7061	8.6530	-4.4415
1	0.4579	0.1537	0.2276	0.0187	-0.0532	-0.2885	-3.4373	9.2402	-0.8631
2	0.1332	-0.5488	0.1409	0.0451	0.2381	0.0244	0.6020	8.4436	3.5218
0	-0.1046	0.4666	0.2425	0.0378	-0.1041	0.0123	-1.5598	8.4209	-4.3190
1	0.4494	0.1510	0.2260	0.0199	-0.0687	-0.1221	-3.5572	9.0881	-0.7823
2	0.1320	-0.5423	0.1380	0.0655	0.1064	0.0041	0.6595	8.5201	3.2358
0	-0.1037	0.4613	0.2422	0.0004	-0.0925	-0.0076	-1.6535	8.5407	-4.3616
1	0.4449	0.1489	0.2242	0.0117	-0.0328	-0.1130	-3.8236	9.0178	-0.7780
2	0.1312	-0.5371	0.1349	0.0285	0.1282	0.0280	0.6872	8.6448	3.0874
0	-0.1036	0.4577	0.2421	0.0018	-0.1357	-0.0242	-1.7275	8.7763	-4.4901
1	0.4402	0.1482	0.2234	0.0013	-0.0066	-0.0691	-3.8471	9.0458	-0.8048
2	0.1315	-0.5333	0.1331	0.0250	0.0772	0.0339	0.7293	8.7108	3.1586
0	-0.1036	0.4494	0.2439	-0.0373	-0.1674	0.0503	-1.7346	9.1177	-4.5346
1	0.4348	0.1484	0.2221	0.0170	0.0098	-0.1904	-4.1421	9.2739	-0.8569
2	0.1327	-0.5266	0.1315	-0.0217	0.2052	0.0188	0.8552	9.3406	3.0819
0	-0.1006	0.4441	0.2461	0.0028	-0.0962	0.0735	-1.6490	8.9765	-4.3566
1	0.4270	0.1467	0.2237	-0.0605	-0.0488	-0.1188	-4.1920	9.4664	-0.7412
2	0.1315	-0.5194	0.1316	0.0121	0.0974	-0.0528	0.7280	9.2359	3.1584
0	-0.0971	0.4390	0.2485	-0.0330	-0.1000	0.0888	-1.5986	9.0065	-4.1985
1	0.4228	0.1428	0.2259	-0.0451	-0.0595	-0.1128	-4.2490	9.3813	-0.7372
2	0.1286	-0.5145	0.1312	-0.0079	0.1182	-0.0618	0.7472	9.2511	2.9351
0	-0.0939	0.4318	0.2505	-0.0044	-0.2232	0.0330	-1.5249	8.8959	-4.2008
1	0.4180	0.1384	0.2292	-0.0684	-0.0616	-0.1087	-4.3888	9.2896	-0.7054
2	0.1256	-0.5083	0.1318	0.0216	0.1736	-0.0224	0.6230	9.2066	2.9313
0	-0.0927	0.4198	0.2520	-0.0136	-0.2497	0.0498	-1.6275	9.3754	-4.0316
1	0.4098	0.1350	0.2301	-0.0178	-0.0356	-0.2732	-4.5736	9.2790	-0.6505
2	0.1251	-0.4975	0.1307	0.0064	0.2873	0.0144	0.6620	9.3699	2.8600
0	-0.0895	0.4100	0.2541	-0.0080	-0.2043	0.0860	-1.5024	9.1729	-4.0189
1	0.3979	0.1321	0.2305	-0.0385	-0.0771	-0.2231	-4.5772	9.3375	-0.6199
2	0.1236	-0.4867	0.1301	-0.0008	0.2130	-0.0490	0.6519	9.4065	2.7082
0	-0.0846	0.4002	0.2562	-0.0038	-0.1478	0.1198	-1.4875	9.2671	-3.6314
1	0.3880	0.1266	0.2332	-0.0699	-0.0873	-0.1960	-4.6621	9.2482	-0.5103
2	0.1202	-0.4759	0.1300	0.0153	0.2114	-0.0676	0.5696	9.3617	2.6445
0	-0.0786	0.3971	0.2591	-0.0021	-0.0438	0.1310	-1.3947	8.8577	-4.1878
1	0.3813	0.1190	0.2388	-0.1581	-0.0953	-0.0369	-4.5247	9.0874	-0.5204
2	0.1155	-0.4698	0.1312	-0.0284	0.0563	-0.1211	0.5840	9.1036	2.5652
0	-0.0714	0.3946	0.2620	0.0162	-0.0640	0.1834	-1.3980	8.9024	-4.1765
1	0.3793	0.1111	0.2456	-0.1182	-0.1043	-0.0678	-4.3936	9.1729	-0.4420
2	0.1095	-0.4667	0.1330	0.0094	0.0667	-0.1474	0.4158	9.2153	2.8431
0	-0.0657	0.3877	0.2634	0.0287	-0.2305	0.0576	-1.1830	8.5514	-4.0196
1	0.3765	0.1016	0.2514	-0.0782	-0.1448	-0.1135	-4.4186	9.1455	-0.3973
2	0.1030	-0.4619	0.1330	0.0426	0.1992	-0.0612	0.3954	9.0134	2.8267
0	-0.0622	0.3795	0.2631	0.0405	-0.1290	0.0860	-1.3121	9.1546	-3.6263
1	0.3673	0.0954	0.2522	0.0217	-0.0913	-0.2296	-4.4676	8.9125	-0.3660
2	0.1006	-0.4525	0.1307	0.0598	0.1928	-0.0410	0.3418	8.9954	2.5534
0	-0.0590	0.3740	0.2630	0.0299	-0.1703	-0.0030	-1.2961	8.7736	-3.7872
1	0.3607	0.0901	0.2524	-0.0228	-0.1094	-0.1107	-4.5656	8.9309	-0.3050
2	0.0973	-0.4467	0.1289	0.0376	0.1422	-0.0155	0.4531	9.0207	2.3765
0	-0.0586	0.3655	0.2617	0.0107	-0.1934	0.0131	-1.3036	9.3399	-3.5309
1	0.3531	0.0879	0.2513	0.0529	-0.0257	-0.2358	-4.7202	8.8897	-0.3993
2	0.0977	-0.4391	0.1263	0.0479	0.2114	0.0547	0.4091	9.1149	2.3984
0	-0.0572	0.3584	0.2614	0.0398	-0.1757	0.0150	-1.1903	9.2326	-3.6444
1	0.3437	0.0869	0.2499	-0.0054	-0.0323	-0.1791	-4.8353	8.9763	-0.2768
2	0.0978	-0.4310	0.1242	0.0495	0.1631	0.0167	0.3651	9.2709	2.3716
0	-0.0559	0.3485	0.2597	0.0304	-0.2058	-0.0034	-1.2327	9.3535	-3.2398
1	0.3359	0.0849	0.2486	0.0297	-0.0600	-0.2191	-4.9486	8.9791	-0.1617
2	0.0974	-0.4223	0.1210	0.0673	0.2280	0.0393	0.3178	9.3388	2.2066
0	-0.0544	0.3411	0.2603	-0.0116	-0.1313	0.0133	-1.2265	9.2574	-3.2200
1	0.3263	0.0831	0.2464	0.0099	-0.0418	-0.1890	-5.0986	8.8492	-0.2115
2	0.0972	-0.4139	0.1186	0.0213	0.1561	-0.0038	0.4326	9.4074	1.9190
0	-0.0544	0.3337	0.2603	0.0255	-0.2451	-0.0121	-1.2274	9.2837	-3.4853
1	0.3197	0.0810	0.2466	0.0153	-0.0157	-0.1390	-5.2581	8.8125	-0.2271
2	0.0972	-0.4075	0.1174	0.0260	0.1779	0.0493	0.3864	9.4156	1.9485
0	-0.0535	0.3211	0.2605	-0.0241	-0.2741	0.0153	-1.1915	9.1981	-3.0392
1	0.3096	0.0803	0.2448	0.0239	-0.0583	-0.2827	-5.3860	8.8337	-0.1080
2	0.0979	-0.3958	0.1150	0.0254	0.2578	0.0275	0.3314	9.5499	1.8845
0	-0.0550	0.3064	0.2621	-0.0616	-0.3351	-0.0456	-1.1586	9.3044	-3.0982
1	0.2967	0.0783	0.2441	0.0069	-0.0168	-0.3375	-5.4407	8.6364	-0.1701
2	0.0994	-0.3829	0.1143	-0.0037	0.3535	0.1073	0.3892	9.3014	1.7401
0	-0.0548	0.2958	0.2638	0.0071	-0.1983	0.0404	-1.2064	9.6085	-3.2333
1	0.2805	0.0800	0.2422	0.0192	0.0337	-0.3226	-5.2882	8.6230	-0.1678
2	0.1023	-0.3699	0.1141	-0.0048	0.2089	0.0385	0.3119	9.3090	1.8193
0	-0.0526	0.2875	0.2638	0.0114	-0.2040	0.0403	-1.2631	9.5618	-2.8416
1	0.2707	0.0787	0.2425	-0.0052	-0.0659	-0.2081	-5.4214	8.8094	0.0126
2	0.1013	-0.3609	0.1126	0.0499	0.2317	-0.0061	0.3028	9.6620	1.7668
0	-0.0486	0.2816	0.2647	0.0281	-0.1445	0.0784	-1.1312	9.1892	-3.2087
1	0.2623	0.0748	0.2430	-0.0388	-0.0654	-0.1165	-5.5904	8.7243	-0.1383
2	0.0988	-0.3536	0.1112	0.0322	0.1088	-0.0673	0.4178	9.5388	1.5755
0	-0.0454	0.2732	0.2641	0.0329	-0.1980	0.0550	-1.1060	9.5780	-2.9135
1	0.2569	0.0691	0.2455	-0.0009	-0.0904	-0.2012	-5.6056	8.6418	-0.0517
2	0.0962	-0.3459	0.1092	0.0539	0.2146	-0.0083	0.2502	9.5027	1.6949
0	-0.0424	0.2646	0.2625	0.0639	-0.1900	0.0304	-1.1346	9.5821	-2.6086
1	0.2488	0.0647	0.2459	0.0033	-0.1076	-0.1874	-5.6518	8.6152	0.0452
2	0.0938	-0.3364	0.1061	0.0908	0.2109	-0.0067	0.2263	9.5006	1.5520
0	-0.0407	0.2554	0.2598	0.1234	-0.2903	-0.0796	-0.7615	8.8580	-3.0411
1	0.2409	0.0605	0.2449	0.0234	-0.0720	-0.1677	-5.7940	8.4947	0.0432
2	0.0925	-0.3284	0.1025	0.0968	0.2225	0.0370	0.0829	9.4281	1.2942
0	-0.0440	0.2415	0.2516	0.1691	-0.3275	-0.1490	-1.1062	9.8051	-2.1679
1	0.2311	0.0596	0.2404	0.1983	-0.0706	-0.3196	-5.7566	8.3513	0.2939
2	0.0955	-0.3163	0.0947	0.2204	0.3572	0.1815	-0.0960	9.3355	1.4295
0	-0.0469	0.2311	0.2457	0.0751	-0.2410	-0.0775	-1.2627	10.2256	-1.9088
1	0.2164	0.0636	0.2277	0.2206	-0.0512	-0.2964	-6.0126	8.3661	0.1220
2	0.1007	-0.3041	0.0856	0.1396	0.2402	0.1261	0.3881	9.7027	0.8787
0	-0.0465	0.2197	0.2442	0.0139	-0.2676	0.0291	-1.2491	10.0208	-2.2021
1	0.2047	0.0665	0.2194	0.0702	-0.0398	-0.2577	-6.6532	8.5166	-0.0500
2	0.1030	-0.2943	0.0816	0.0594	0.2567	0.0261	0.6202	10.2648	0.6035
0	-0.0429	0.2083	0.2441	0.0488	-0.2614	0.1047	-1.0890	9.7811	-2.3173
1	0.1931	0.0639	0.2184	-0.0009	-0.0888	-0.2740	-6.5296	8.5555	0.0176
2	0.1017	-0.2814	0.0798	0.0564	0.2900	-0.0528	0.3431	10.0583	0.9586
0	-0.0373	0.1984	0.2435	0.0242	-0.2028	0.0932	-0.9754	9.4817	-1.7803
1	0.1826	0.0565	0.2203	-0.0400	-0.1529	-0.2117	-6.2363	8.3551	0.1965
2	0.0971	-0.2704	0.0773	0.0639	0.2274	-0.0735	0.2264	9.5672	0.7988
0	-0.0323	0.1899	0.2454	-0.0409	-0.1771	0.1125	-0.9174	9.3875	-1.8265
1	0.1744	0.0487	0.2233	-0.0575	-0.1003	-0.1851	-6.2707	7.9377	0.1314
2	0.0932	-0.2619	0.0766	0.0024	0.1956	-0.0742	0.3004	9.3985	0.4603
0	-0.0273	0.1826	0.2482	-0.0379	-0.1660	0.1018	-0.9019	9.2278	-1.9384
1	0.1669	0.0409	0.2289	-0.1032	-0.0769	-0.1527	-6.2653	7.8428	0.1809
2	0.0889	-0.2538	0.0780	-0.0141	0.1764	-0.0715	0.1924	9.3192	0.5378
0	-0.0233	0.1764	0.2516	-0.0550	-0.1051	0.0643	-0.8415	8.9920	-2.0559
1	0.1603	0.0337	0.2350	-0.0952	-0.0456	-0.1489	-6.1208	7.8007	0.2054
2	0.0851	-0.2464	0.0794	-0.0374	0.1455	-0.0529	0.1898	9.1585	0.6085
0	-0.0228	0.1746	0.2521	0.0236	-0.0020	-0.0072	-0.8626	9.4185	-1.7635
1	0.1561	0.0299	0.2394	0.0421	0.0417	-0.0802	-5.9013	7.6987	0.1833
2	0.0837	-0.2423	0.0803	0.0361	0.0412	0.0444	0.0603	8.7944	0.7247
0	-0.0233	0.1741	0.2503	0.0377	-0.0134	-0.0300	-0.9036	9.6863	-1.5520
1	0.1548	0.0315	0.2371	0.0560	-0.0265	-0.0366	-6.0290	7.6307	0.3224
2	0.0841	-0.2417	0.0784	0.0719	0.0380	0.0587	0.0232	9.1269	0.5397
0	-0.0237	0.1752	0.2505	-0.0241	0.0395	-0.0379	-0.9283	9.7092	-1.5914
1	0.1538	0.0313	0.2337	0.0214	-0.0058	0.0248	-6.4745	7.7748	0.2659
2	0.0846	-0.2420	0.0766	0.0177	-0.0248	0.0272	0.2675	9.5636	0.1829
0	-0.0247	0.1767	0.2513	0.0033	0.0053	-0.0279	-0.9204	9.8758	-1.8346
1	0.1551	0.0326	0.2329	0.0204	0.0501	0.0278	-6.7513	7.9268	0.2106
2	0.0855	-0.2433	0.0767	0.0104	-0.0200	0.0405	0.1893	9.7751	0.2825
0	-0.0258	0.1763	0.2515	0.0065	-0.0290	-0.0607	-0.8289	9.7692	-1.9884
1	0.1550	0.0347	0.2315	0.0332	0.0325	-0.0326	-6.7246	8.0948	0.3468
2	0.0864	-0.2431	0.0763	0.0153	0.0215	0.0564	0.1022	9.8090	0.4892
0	-0.0278	0.1743	0.2506	0.0265	-0.0933	-0.0695	-1.0138	9.6227	-1.6396
1	0.1535	0.0374	0.2291	0.0747	0.0524	-0.0360	-6.6158	8.1376	0.3671
2	0.0883	-0.2420	0.0748	0.0462	0.0545	0.0739	0.1152	9.8435	0.3617
0	-0.0299	0.1707	0.2494	0.0298	-0.0356	-0.0622	-0.8442	9.6663	-1.5909
1	0.1491	0.0415	0.2242	0.1003	0.0164	-0.1366	-6.8346	7.8494	0.2121
2	0.0908	-0.2383	0.0730	0.0495	0.0886	0.0840	0.2172	9.6306	0.2451
0	-0.0313	0.1698	0.2526	-0.2431	-0.0176	0.0048	-1.1490	10.0917	-0.7916
1	0.1450	0.0449	0.2192	0.0886	0.0105	-0.0642	-6.5798	7.8131	0.2439
2	0.0930	-0.2370	0.0723	-0.0935	0.0050	0.0466	0.3197	9.6265	0.1109
0	-0.0366	0.1648	0.2643	-0.1553	-0.0969	-0.1300	-0.8373	9.6999	-3.0755
1	0.1406	0.0467	0.2230	-0.1396	0.2878	-0.1946	-7.1345	7.9031	-0.1612
2	0.0960	-0.2329	0.0833	-0.2812	0.1227	0.1733	0.5244	9.7591	0.0271
0	-0.0419	0.1656	0.2663	-0.0203	0.0441	-0.0728	-0.9120	9.8997	-1.9214
1	0.1324	0.0572	0.2252	0.0836	0.2092	-0.0743	-6.0806	8.2412	0.6310
2	0.1018	-0.2305	0.0887	0.0055	-0.0362	0.1526	-0.4998	9.3617	1.2230
0	-0.0432	0.1691	0.2638	0.1034	0.1294	-0.0325	-1.2297	9.8455	-1.2644
1	0.1337	0.0650	0.2208	0.0818	0.0535	0.0721	-6.3073	7.9532	0.5218
2	0.1039	-0.2339	0.0857	0.1436	-0.0844	0.0437	0.0289	9.6160	0.5518
0	-0.0420	0.1761	0.2607	0.0419	0.1061	0.0155	-1.1205	9.6173	-1.7900
1	0.1391	0.0675	0.2149	0.0993	-0.0299	0.1510	-6.7891	7.6953	0.0126
2	0.1034	-0.2405	0.0806	0.0777	-0.1349	-0.0186	0.5815	9.7267	0.0337
0	-0.0406	0.1818	0.2600	0.0004	0.1462	0.0565	-1.2289	10.1834	-1.7296
1	0.1445	0.0693	0.2113	0.0420	0.0184	0.1020	-6.8163	7.8884	-0.0952
2	0.1020	-0.2454	0.0781	0.0556	-0.1258	-0.0087	0.4432	9.7419	0.4634
0	-0.0369	0.1869	0.2620	-0.0377	0.0358	0.0506	-1.0817	9.8663	-1.8623
1	0.1505	0.0691	0.2117	-0.0533	0.0417	0.1365	-6.7606	8.1824	-0.0920
2	0.0985	-0.2512	0.0780	-0.0008	-0.0657	-0.0575	0.4641	10.0322	0.4810
0	-0.0349	0.1858	0.2664	-0.1300	-0.0765	0.0715	-1.0491	9.9380	-1.8251
1	0.1528	0.0683	0.2141	-0.0352	0.0534	-0.0264	-6.9027	8.1959	-0.0847
2	0.0961	-0.2517	0.0798	-0.0668	0.0162	-0.0249	0.4925	10.0587	0.4557
0	-0.0352	0.1855	0.2705	-0.0137	0.1442	-0.0481	-0.7249	9.5929	-2.0253
1	0.1480	0.0685	0.2174	-0.0202	0.0789	-0.1195	-6.9720	8.1424	-0.0685
2	0.0948	-0.2479	0.0839	-0.0309	-0.0072	0.0366	0.1622	9.6916	0.5520
0	-0.0383	0.1950	0.2678	0.0556	0.1710	-0.0850	-1.1739	9.9542	-1.5782
1	0.1507	0.0724	0.2162	0.0833	0.0786	0.2333	-6.2116	7.8647	0.2533
2	0.0959	-0.2547	0.0822	0.1094	-0.2227	0.1006	-0.1940	9.0670	0.7268
0	-0.0350	0.1995	0.2612	0.3276	-0.0113	0.1432	-1.3524	10.2746	-3.4509
1	0.1587	0.0769	0.2086	0.1384	-0.1974	-0.0003	-6.7751	7.9512	0.0883
2	0.0963	-0.2613	0.0770	0.1581	-0.0588	-0.0529	0.2075	10.2614	0.6853
0	-0.0260	0.2025	0.2543	0.1462	0.0095	0.0852	-0.9135	9.7321	-1.7817
1	0.1597	0.0645	0.2049	-0.0340	-0.2421	0.1530	-6.6492	8.6976	0.4123
2	0.0884	-0.2647	0.0685	0.2025	-0.0519	-0.1217	-0.0100	10.3263	1.0515
0	-0.0197	0.2035	0.2506	0.1286	0.0231	0.0984	-0.7572	9.6574	-2.0969
1	0.1627	0.0538	0.2045	0.0095	-0.1524	0.0091	-6.8079	8.2609	0.0730
2	0.0825	-0.2660	0.0623	0.1087	-0.0142	-0.0944	0.1684	9.9028	0.5026
0	-0.0156	0.2063	0.2449	0.1666	0.0414	-0.0454	-0.6168	8.9894	-2.0565
1	0.1650	0.0458	0.2048	0.0293	-0.1448	0.0870	-6.5445	8.0206	0.3217
2	0.0772	-0.2677	0.0566	0.1750	-0.0545	-0.0271	-0.0987	9.4626	0.6551
0	-0.0163	0.2075	0.2398	0.0882	-0.0179	-0.0373	-0.8699	9.7121	-2.0967
1	0.1678	0.0435	0.1996	0.1328	-0.0480	0.0388	-6.3494	7.7761	0.2256
2	0.0772	-0.2702	0.0494	0.1177	-0.0152	0.0564	0.0364	9.2866	0.5231
0	-0.0165	0.2105	0.2365	0.0740	0.0937	-0.0893	-0.7321	8.7851	-1.9506
1	0.1673	0.0457	0.1930	0.1076	0.0100	0.0157	-6.5331	7.9171	0.1729
2	0.0776	-0.2712	0.0452	0.1034	-0.0827	0.0282	0.0706	9.5076	0.6237
0	-0.0194	0.2108	0.2380	-0.2240	-0.0408	-0.0815	-0.4306	8.9848	-1.0980
1	0.1708	0.0487	0.1876	0.1540	-0.0087	0.0101	-6.2618	7.6926	0.1283
2	0.0792	-0.2740	0.0431	-0.0487	-0.0080	0.0178	0.3699	9.6079	0.1135
0	-0.0125	0.2107	0.2572	-0.1658	-0.0158	0.0064	-0.5332	6.7320	-3.6851
1	0.1712	0.0492	0.1953	-0.7490	0.2026	0.1657	-7.0955	7.6792	0.0139
2	0.0740	-0.2729	0.0573	-0.3279	-0.1023	-0.2773	0.7005	10.5006	-0.4077
0	-0.0132	0.2119	0.2640	-0.1446	0.1252	0.0176	-0.8222	9.3629	-2.3223
1	0.1743	0.0401	0.2161	0.0040	0.0876	-0.0619	-6.7136	7.9120	0.1398
2	0.0739	-0.2717	0.0631	-0.1347	-0.0359	-0.0177	-0.0076	9.4846	0.7630
0	-0.0159	0.2155	0.2687	-0.0952	0.0236	-0.0456	-0.6980	9.4908	-2.6110
1	0.1765	0.0416	0.2202	-0.0105	0.1057	0.0808	-6.1408	8.0814	0.1694
2	0.0741	-0.2754	0.0681	-0.0786	-0.0527	0.0749	-0.0965	9.3033	1.0316
0	-0.0183	0.2162	0.2687	0.0658	-0.0453	-0.0855	-0.7594	9.2549	-2.6795
1	0.1780	0.0455	0.2202	0.0311	0.0652	0.0040	-6.0900	8.1921	0.3645
2	0.0759	-0.2763	0.0693	0.0715	0.0158	0.0833	-0.2778	9.4927	1.3555
0	-0.0211	0.2141	0.2660	0.0556	-0.0933	-0.1064	-0.8194	9.4030	-2.4429
1	0.1776	0.0490	0.2149	0.0964	0.0233	-0.0506	-5.9110	8.2413	0.3424
2	0.0784	-0.2753	0.0655	0.0837	0.0641	0.1055	-0.1363	9.3797	1.1740
0	-0.0222	0.2095	0.2651	-0.0263	-0.1225	-0.0230	-0.8963	9.5952	-1.8677
1	0.1749	0.0529	0.2095	0.0950	0.0151	-0.1146	-6.1357	8.1128	0.2272
2	0.0812	-0.2718	0.0618	0.0484	0.1083	0.0480	0.0821	9.6461	0.8391
0	-0.0241	0.2018	0.2674	-0.0442	-0.1890	-0.0454	-0.8034	9.7876	-2.2689
1	0.1692	0.0545	0.2078	0.0131	0.0587	-0.1694	-6.5808	8.0588	0.0527
2	0.0830	-0.2656	0.0620	-0.0266	0.1961	0.0841	0.1994	9.7110	0.6006
0	-0.0222	0.1962	0.2672	0.0438	-0.0683	0.0763	-0.9496	10.1312	-1.8800
1	0.1611	0.0567	0.2073	0.0164	-0.0052	-0.1518	-6.4725	8.1555	0.2467
2	0.0839	-0.2579	0.0615	0.0687	0.1005	-0.0370	-0.0330	9.8973	0.8279
0	-0.0192	0.1910	0.2666	0.0369	-0.1551	-0.0105	-0.8156	9.6644	-2.0879
1	0.1576	0.0517	0.2083	-0.0145	-0.0798	-0.0608	-6.7121	8.2699	0.2334
2	0.0802	-0.2537	0.0591	0.0519	0.1578	-0.0113	0.0731	9.9969	0.5287
0	-0.0199	0.1852	0.2654	-0.0016	-0.1755	-0.0519	-0.8586	9.6021	-1.6209
1	0.1520	0.0490	0.2075	0.0664	-0.0341	-0.1066	-6.7152	8.1317	0.1795
2	0.0802	-0.2472	0.0563	0.0603	0.1373	0.0648	0.0349	9.7437	0.5251
0	-0.0204	0.1802	0.2662	0.0159	-0.0260	0.0067	-0.9820	10.0058	-1.8695
1	0.1452	0.0506	0.2043	0.0234	0.0159	-0.1294	-6.8424	7.8971	0.1803
2	0.0817	-0.2409	0.0558	0.0138	0.0939	0.0333	0.1514	9.7634	0.2239
0	-0.0183	0.1771	0.2658	0.0384	-0.0907	0.0423	-0.7848	9.9016	-1.9011
1	0.1431	0.0498	0.2036	0.0216	-0.0416	-0.0144	-6.6931	7.9827	0.2479
2	0.0807	-0.2385	0.0544	0.0543	0.1301	-0.0136	0.0242	9.8531	0.4161
0	-0.0153	0.1751	0.2643	0.0237	-0.0150	0.0770	-0.8037	9.9056	-1.4171
1	0.1407	0.0458	0.2033	0.0389	-0.0863	-0.0571	-6.6937	7.9639	0.3208
2	0.0785	-0.2350	0.0515	0.0747	0.0338	-0.0472	0.0225	9.6393	0.4100
0	-0.0120	0.1711	0.2662	-0.0663	-0.0930	0.0045	-0.8980	8.8534	-1.2997
1	0.1402	0.0408	0.2036	-0.0602	-0.0896	-0.0598	-6.8006	7.7511	0.2555
2	0.0751	-0.2317	0.0507	-0.0072	0.0945	-0.0169	0.0896	9.4720	0.1123
0	-0.0184	0.1687	0.2734	-0.2058	0.0222	-0.2199	-0.6567	9.2717	-1.7699
1	0.1374	0.0362	0.2067	-0.0532	0.0637	-0.0784	-6.5420	7.2941	0.0049
2	0.0771	-0.2282	0.0557	-0.1944	0.0067	0.1826	0.3282	8.6836	-0.0714
0	-0.0225	0.1781	0.2771	0.0064	0.3465	0.0209	-0.7538	10.1919	-1.8562
1	0.1411	0.0449	0.2036	0.0394	0.1949	0.0865	-6.2370	7.4576	0.2016
2	0.0839	-0.2314	0.0620	-0.0368	-0.2689	0.0469	-0.2530	9.3545	0.4390
0	-0.0199	0.1875	0.2763	0.0045	-0.0246	-0.0446	-0.7108	9.1147	-1.7920
1	0.1545	0.0467	0.2043	-0.0284	-0.0404	0.3258	-6.5413	8.0942	0.8030
2	0.0807	-0.2441	0.0614	0.0615	-0.1738	-0.0549	-0.2235	10.1495	0.5724
0	-0.0237	0.1804	0.2773	0.0172	-0.1550	-0.0994	-0.7483	9.8810	-2.4254
1	0.1584	0.0458	0.2032	0.0688	0.0540	-0.1518	-7.1040	8.0086	0.1798
2	0.0830	-0.2400	0.0608	0.0028	0.1978	0.1228	0.0276	9.9000	0.4322
0	-0.0251	0.1764	0.2742	0.0983	-0.1455	-0.0525	-0.8362	10.0091	-2.1667
1	0.1518	0.0505	0.1979	0.1125	-0.0005	-0.0654	-6.4444	8.2875	0.4475
2	0.0861	-0.2348	0.0580	0.1152	0.0948	0.0647	-0.2101	9.9075	0.8553
0	-0.0245	0.1691	0.2704	0.0853	-0.1816	0.0353	-1.0601	10.2134	-1.7593
1	0.1486	0.0520	0.1923	0.1098	-0.0541	-0.1496	-6.6081	8.4434	0.4178
2	0.0874	-0.2289	0.0525	0.1297	0.1668	0.0396	-0.0079	10.1363	0.6441
0	-0.0209	0.1601	0.2696	0.0136	-0.2323	0.0984	-0.8464	9.9186	-1.6399
1	0.1423	0.0503	0.1887	0.0289	-0.0914	-0.1629	-6.9347	8.2465	0.1869
2	0.0856	-0.2209	0.0488	0.0425	0.2312	-0.0509	0.2937	10.1952	0.1806
0	-0.0173	0.1500	0.2686	0.0714	-0.2202	0.0200	-0.7148	9.4536	-1.5154
1	0.1335	0.0440	0.1909	-0.0253	-0.1042	-0.2289	-6.9904	8.0264	0.2342
2	0.0823	-0.2101	0.0468	0.0777	0.2631	-0.0254	0.0479	9.7845	0.1750
0	-0.0161	0.1416	0.2657	0.0635	-0.2343	-0.0032	-0.7200	9.4979	-1.3972
1	0.1243	0.0396	0.1903	0.0614	-0.0761	-0.1613	-6.5418	7.6675	0.3522
2	0.0812	-0.2010	0.0429	0.0996	0.1897	0.0149	-0.0548	9.2892	0.1235
0	-0.0165	0.1311	0.2631	0.0715	-0.2270	-0.0790	-0.8030	9.2082	-1.3804
1	0.1160	0.0374	0.1878	0.0678	-0.0756	-0.2555	-6.7646	7.5503	0.3593
2	0.0814	-0.1907	0.0392	0.1072	0.2509	0.0532	-0.0122	9.4382	-0.0069
0	-0.0231	0.1189	0.2593	0.0563	-0.4149	-0.2452	-0.8852	9.6397	-1.5007
1	0.1055	0.0378	0.1826	0.1549	-0.0330	-0.2396	-6.6278	7.4584	0.1673
2	0.0855	-0.1804	0.0352	0.1141	0.3216	0.2303	0.1791	9.1600	0.0512
0	-0.0281	0.1023	0.2571	0.0518	-0.3675	-0.0677	-0.9566	9.8763	-1.2365
1	0.0884	0.0479	0.1699	0.1898	0.0497	-0.4257	-6.9789	7.6842	0.1309
2	0.0945	-0.1634	0.0314	0.0846	0.3384	0.1109	0.1340	10.0878	-0.1346
0	-0.0299	0.0875	0.2538	0.0657	-0.2412	-0.0144	-1.0901	10.1699	-0.5560
1	0.0712	0.0508	0.1646	0.1248	-0.0171	-0.3459	-7.2722	7.7824	0.3899
2	0.0980	-0.1482	0.0277	0.1344	0.3139	0.0983	0.1332	9.8921	-0.2936
0	-0.0284	0.0709	0.2557	-0.0632	-0.5092	0.0133	-0.8861	9.7588	-0.8350
1	0.0589	0.0518	0.1592	-0.0125	-0.0409	-0.2687	-7.4636	7.4056	0.1474
2	0.0985	-0.1346	0.0255	-0.0118	0.4158	0.0188	0.4419	10.0901	-0.8698
0	-0.0271	0.0512	0.2577	-0.0015	-0.3381	0.0362	-0.9475	9.8472	-0.6634
1	0.0382	0.0486	0.1617	-0.0040	-0.0193	-0.4858	-7.7633	7.3934	0.2186
2	0.0991	-0.1123	0.0267	0.0159	0.4185	0.0294	0.2099	9.8596	-0.7207
0	-0.0233	0.0383	0.2556	0.0669	-0.2136	0.0726	-0.9365	9.8819	-0.3039
1	0.0196	0.0447	0.1633	0.0088	-0.0896	-0.3016	-7.3046	7.2366	0.3440
2	0.0976	-0.0965	0.0246	0.1045	0.2461	-0.0485	0.1109	9.6395	-0.7027
0	-0.0170	0.0296	0.2553	0.0516	-0.1711	0.0682	-1.0103	9.4992	-0.8287
1	0.0098	0.0385	0.1647	-0.0545	-0.1147	-0.1983	-7.5938	7.0444	0.2786
2	0.0930	-0.0873	0.0222	0.0064	0.1960	-0.0963	0.2828	9.6622	-1.1662
0	-0.0133	0.0221	0.2528	0.0636	-0.2030	0.0611	-0.6933	9.7117	-0.2781
1	0.0005	0.0280	0.1721	-0.0183	-0.1098	-0.1686	-7.6271	7.0065	0.2947
2	0.0895	-0.0789	0.0192	0.0990	0.1981	-0.0538	0.1077	9.6638	-0.9221
0	-0.0099	0.0128	0.2513	0.0291	-0.1760	0.0885	-0.7379	9.9879	-0.0233
1	-0.0058	0.0203	0.1756	-0.0259	-0.0880	-0.1407	-7.7298	6.9781	0.4211
2	0.0873	-0.0700	0.0161	0.0719	0.2056	-0.0305	0.1158	9.5873	-1.1296
0	-0.0056	0.0032	0.2507	0.0055	-0.2638	0.0537	-0.4400	9.6899	0.1711
1	-0.0117	0.0117	0.1814	-0.1059	-0.0891	-0.1516	-7.8075	6.8676	0.4897
2	0.0838	-0.0614	0.0143	0.0475	0.2423	-0.0417	0.0155	9.6896	-1.3731
0	-0.0039	-0.0079	0.2508	0.0224	-0.1686	-0.0024	-0.7350	9.7822	0.3220
1	-0.0197	0.0024	0.1900	-0.0694	-0.0311	-0.2233	-7.9983	6.7066	0.6342
2	0.0821	-0.0499	0.0134	0.0480	0.2593	0.0189	-0.1116	9.5034	-1.5337
0	-0.0033	-0.0132	0.2493	0.0762	-0.1695	-0.0355	-0.5011	9.6412	-0.3417
1	-0.0295	-0.0005	0.1919	0.0206	-0.0291	-0.1522	-7.8389	6.5571	0.6068
2	0.0815	-0.0428	0.0120	0.0811	0.1178	0.0220	-0.0443	9.4456	-1.4993
0	-0.0020	-0.0198	0.2460	0.0824	-0.1176	0.0488	-0.6656	10.0918	0.1993
1	-0.0374	-0.0006	0.1886	0.0780	-0.0769	-0.1972	-7.8686	6.8257	0.7357
2	0.0821	-0.0361	0.0086	0.1247	0.1714	-0.0086	-0.2250	9.7845	-1.2611
0	0.0015	-0.0246	0.2444	0.0429	-0.2046	0.0478	-0.6062	9.7266	-0.3350
1	-0.0432	-0.0048	0.1878	-0.0036	-0.0994	-0.0816	-7.9408	6.8201	0.6337
2	0.0794	-0.0307	0.0048	0.0593	0.1582	-0.0463	0.0554	9.7971	-1.5129
0	0.0043	-0.0346	0.2420	0.0677	-0.2612	0.0671	-0.6238	9.8286	0.1600
1	-0.0505	-0.0104	0.1899	0.0231	-0.0913	-0.2392	-8.0705	6.8869	0.5948
2	0.0776	-0.0219	0.0023	0.0922	0.2554	-0.0218	-0.0713	9.8473	-1.3704
0	0.0077	-0.0438	0.2380	0.1273	-0.1666	0.0347	-0.4687	9.4595	0.3639
1	-0.0611	-0.0164	0.1916	0.0077	-0.0961	-0.2259	-8.0616	6.7005	0.7086
2	0.0754	-0.0117	-0.0013	0.1402	0.2001	-0.0438	-0.1493	9.5404	-1.5851
0	0.0102	-0.0537	0.2352	0.0037	-0.2315	0.0266	-0.4507	9.5251	1.0401
1	-0.0696	-0.0236	0.1919	0.0050	-0.1116	-0.1801	-8.0804	6.2726	0.7728
2	0.0739	-0.0034	-0.0064	0.0904	0.2049	-0.0178	-0.1064	9.3699	-2.0017
0	0.0115	-0.0641	0.2360	-0.0277	-0.2051	0.0112	-0.5962	9.8849	0.8660
1	-0.0811	-0.0299	0.1970	-0.0152	0.0342	-0.2860	-8.4606	5.9411	0.6890
2	0.0734	0.0070	-0.0066	0.0188	0.2289	0.0295	-0.0182	9.3000	-2.3642
0	0.0133	-0.0745	0.2369	0.0160	-0.1949	0.0207	-0.5622	9.9212	0.6589
1	-0.0922	-0.0326	0.2015	-0.0286	-0.0103	-0.2354	-8.4425	6.1157	0.7213
2	0.0725	0.0183	-0.0053	0.0327	0.2385	0.0039	-0.0942	9.6836	-2.0506
0	0.0153	-0.0810	0.2364	0.0091	-0.1598	0.0387	-0.5327	9.8546	0.7641
1	-0.1002	-0.0382	0.2048	0.0023	-0.0616	-0.1418	-8.3730	6.3705	0.7981
2	0.0714	0.0262	-0.0061	0.0516	0.1487	-0.0194	-0.0830	9.6167	-2.0502
0	0.0178	-0.0912	0.2367	-0.0141	-0.2679	0.0455	-0.5613	10.0217	0.8384
1	-0.1070	-0.0437	0.2081	-0.0131	-0.0387	-0.2104	-8.5610	6.2685	0.7660
2	0.0697	0.0348	-0.0067	0.0284	0.2501	-0.0032	-0.0803	9.7417	-2.1780
0	0.0202	-0.1019	0.2372	0.0068	-0.2541	0.0424	-0.4521	9.8443	0.9327
1	-0.1179	-0.0502	0.2134	-0.0302	-0.0520	-0.2742	-8.6966	6.2565	0.7751
2	0.0680	0.0467	-0.0066	0.0370	0.2840	-0.0150	-0.0789	9.7770	-2.2647
0	0.0224	-0.1109	0.2361	0.0425	-0.1693	0.0406	-0.4650	9.6685	1.1193
1	-0.1284	-0.0572	0.2183	0.0010	-0.0731	-0.2167	-8.5509	6.0940	0.8436
2	0.0666	0.0565	-0.0076	0.0661	0.1953	-0.0134	-0.1723	9.3457	-2.3414
0	0.0253	-0.1188	0.2352	0.0136	-0.2083	0.0049	-0.2650	9.1516	0.8798
1	-0.1355	-0.0633	0.2212	-0.0169	-0.0728	-0.1480	-8.4942	5.8115	0.8648
2	0.0646	0.0644	-0.0092	0.0448	0.1815	-0.0242	-0.1258	9.3336	-2.5563
0	0.0241	-0.1300	0.2350	-0.0109	-0.3081	-0.0881	-0.3564	9.2636	1.3665
1	-0.1433	-0.0683	0.2243	0.0459	-0.0271	-0.2342	-8.4552	5.7556	0.8715
2	0.0650	0.0741	-0.0099	0.0613	0.2698	0.0886	-0.2274	9.1230	-2.3969
0	0.0190	-0.1481	0.2372	0.0022	-0.4302	-0.1446	-0.4772	9.7172	1.2272
1	-0.1557	-0.0670	0.2230	0.0717	0.0530	-0.3356	-8.5718	5.6030	0.7921
2	0.0699	0.0897	-0.0081	0.0346	0.3991	0.1832	-0.1233	9.2015	-2.6324
0	0.0165	-0.1630	0.2388	-0.0252	-0.1980	-0.0396	-0.4394	9.6982	1.7190
1	-0.1762	-0.0614	0.2196	0.0736	0.0272	-0.3853	-8.7827	5.6564	0.8974
2	0.0757	0.1077	-0.0064	0.0149	0.2928	0.0853	-0.0579	9.3536	-2.9131
0	0.0157	-0.1676	0.2377	0.0788	-0.0330	-0.0030	-0.5141	9.9953	1.7462
1	-0.1865	-0.0619	0.2214	0.0411	0.0027	-0.1155	-8.6424	5.4282	0.9005
2	0.0771	0.1152	-0.0057	0.0920	0.0925	0.0400	-0.1844	9.1592	-2.9692
0	0.0169	-0.1687	0.2352	0.0163	-0.0866	0.0313	-0.5089	9.9050	1.7185
1	-0.1881	-0.0621	0.2192	0.0429	-0.0744	0.0110	-8.9519	5.4946	0.9314
2	0.0771	0.1163	-0.0084	0.0824	0.0196	-0.0181	-0.0329	9.4873	-3.1366
0	0.0197	-0.1759	0.2350	0.0357	-0.1553	0.0585	-0.5571	10.0134	1.4476
1	-0.1899	-0.0661	0.2206	-0.0250	-0.0329	-0.1490	-9.3429	5.6202	0.7844
2	0.0753	0.1217	-0.0088	0.0387	0.1835	-0.0182	0.0218	9.7902	-3.0750
0	0.0230	-0.1833	0.2330	0.0311	-0.1996	0.0535	-0.4501	9.7411	1.7020
1	-0.1971	-0.0737	0.2257	-0.0090	-0.0960	-0.1571	-9.0893	5.7117	0.9344
2	0.0728	0.1291	-0.0106	0.0663	0.1909	-0.0395	-0.1008	9.5773	-3.0265
0	0.0250	-0.1920	0.2313	0.0498	-0.1906	0.0368	-0.4782	9.7870	1.8896
1	-0.2049	-0.0817	0.2304	0.0000	-0.0784	-0.2069	-9.1712	5.5125	0.8840
2	0.0711	0.1381	-0.0121	0.0730	0.2242	-0.0172	-0.1081	9.4584	-3.1343
0	0.0282	-0.2006	0.2293	0.0332	-0.1970	0.0448	-0.3648	9.5741	1.8689
1	-0.2129	-0.0890	0.2341	-0.0053	-0.0829	-0.1542	-9.1254	5.3429	0.9096
2	0.0691	0.1469	-0.0143	0.0635	0.1914	-0.0370	-0.0929	9.3764	-3.3182
0	0.0296	-0.2105	0.2279	0.0468	-0.2370	0.0138	-0.3603	9.6963	1.9568
1	-0.2205	-0.0967	0.2388	0.0136	-0.0622	-0.2159	-9.1962	5.2690	0.9408
2	0.0678	0.1559	-0.0156	0.0724	0.2457	0.0126	-0.1693	9.2997	-3.2932
0	0.0306	-0.2216	0.2264	0.0042	-0.2953	0.0036	-0.3107	9.5334	2.3422
1	-0.2306	-0.1018	0.2413	0.0393	-0.0733	-0.2260	-9.1986	5.2229	1.0098
2	0.0679	0.1673	-0.0174	0.0682	0.2760	0.0135	-0.1730	9.3392	-3.4341
0	0.0304	-0.2413	0.2284	-0.0784	-0.5800	-0.0752	-0.2836	9.3971	2.3453
1	-0.2422	-0.1076	0.2450	0.0186	-0.0283	-0.3435	-9.4002	5.0521	0.9643
2	0.0683	0.1812	-0.0169	0.0229	0.4701	0.0783	-0.1109	9.3308	-3.6128
0	0.0277	-0.2729	0.2345	-0.1064	-0.7764	-0.1359	-0.3424	9.5870	2.4218
1	-0.2644	-0.1141	0.2530	0.0236	0.0614	-0.6592	-9.6218	4.9847	0.8795
2	0.0721	0.2103	-0.0116	-0.0477	0.7779	0.1951	-0.0818	9.3609	-3.6773
0	0.0271	-0.3003	0.2379	-0.0179	-0.4191	0.0127	-0.4385	9.3426	3.0458
1	-0.2979	-0.1212	0.2643	0.0270	0.0204	-0.6894	-9.3628	4.8228	1.0569
2	0.0758	0.2413	-0.0065	0.0079	0.5303	0.0538	-0.1455	9.0206	-3.8771
0	0.0274	-0.3155	0.2380	0.0430	-0.2841	-0.0497	-0.2551	8.9951	2.8180
1	-0.3185	-0.1335	0.2767	0.0110	-0.0360	-0.3126	-9.1384	4.3087	1.0522
2	0.0759	0.2570	-0.0056	0.0481	0.2948	0.0461	-0.1688	8.4382	-4.2585
0	0.0269	-0.3247	0.2360	0.0565	-0.1794	0.0207	-0.3745	9.0510	3.1351
1	-0.3305	-0.1373	0.2794	0.0860	-0.0583	-0.2429	-9.3241	4.0684	1.0900
2	0.0777	0.2690	-0.0063	0.0971	0.2248	0.0111	-0.1969	8.5728	-4.2943
0	0.0272	-0.3298	0.2332	0.0905	-0.0597	-0.0136	-0.3370	8.6838	3.2506
1	-0.3384	-0.1418	0.2808	0.0333	-0.0785	-0.1221	-9.2662	3.9729	1.0128
2	0.0777	0.2756	-0.0084	0.1146	0.0928	0.0142	-0.1673	8.1565	-4.2799
0	0.0271	-0.3317	0.2316	0.0344	-0.0612	-0.0243	-0.4517	9.0391	3.0989
1	-0.3409	-0.1420	0.2782	0.0332	-0.0349	-0.0146	-9.1815	3.6982	0.9535
2	0.0783	0.2777	-0.0099	0.0517	0.0508	0.0200	0.0035	8.2648	-4.6320
0	0.0267	-0.3335	0.2291	0.0742	-0.0431	-0.0052	-0.5414	9.3586	3.0966
1	-0.3423	-0.1420	0.2774	0.0495	-0.0356	-0.0393	-9.6877	3.8978	0.9050
2	0.0789	0.2798	-0.0107	0.0920	0.0370	0.0025	0.0271	8.8181	-4.5516
0	0.0270	-0.3372	0.2276	0.0180	-0.1284	-0.0107	-0.4546	9.2004	3.3112
1	-0.3441	-0.1418	0.2747	0.0332	-0.0438	-0.0736	-9.8769	4.2011	0.8827
2	0.0792	0.2824	-0.0124	0.0597	0.1094	0.0077	0.1471	9.0807	-4.5885
0	0.0242	-0.3392	0.2269	0.1170	0.1038	-0.1350	-0.5819	9.2381	2.7463
1	-0.3484	-0.1438	0.2759	0.0576	0.0037	-0.1237	-9.9112	4.1099	0.8502
2	0.0806	0.2867	-0.0124	0.1009	0.0071	0.0844	-0.0157	8.6787	-4.4782
0	0.0176	-0.3326	0.2230	0.1159	0.1202	-0.0541	-0.5495	9.7091	3.3309
1	-0.3478	-0.1285	0.2606	0.2423	0.0164	0.1360	-9.4235	4.2721	0.8518
2	0.0872	0.2818	-0.0148	0.1935	-0.1715	0.1246	0.0251	8.7641	-4.3266
0	0.0157	-0.3356	0.2201	0.0840	-0.2475	-0.0690	-0.5154	8.8592	2.9865
1	-0.3422	-0.1100	0.2406	0.0815	-0.0410	0.0356	-10.0398	4.2560	0.9357
2	0.0908	0.2782	-0.0175	0.1087	0.1231	0.0375	0.1560	9.3566	-4.5897
0	0.0131	-0.3506	0.2205	-0.0232	-0.3888	-0.0502	-0.5927	9.3189	3.4418
1	-0.3494	-0.1053	0.2338	0.1267	-0.0173	-0.3170	-10.0766	4.0984	0.7751
2	0.0947	0.2892	-0.0176	0.0391	0.3647	0.1088	0.2275	8.9766	-4.7425
0	0.0122	-0.3690	0.2230	-0.0400	-0.4440	-0.0556	-0.5448	9.0541	3.4120
1	-0.3662	-0.1081	0.2379	0.0277	0.0213	-0.4113	-10.0332	3.9404	0.7691
2	0.0970	0.3066	-0.0145	0.0016	0.4322	0.0970	0.2498	8.8498	-4.8384
0	0.0120	-0.3869	0.2253	-0.0392	-0.3529	-0.0231	-0.5027	9.0302	3.6644
1	-0.3837	-0.1150	0.2467	0.0274	0.0198	-0.4326	-9.8553	3.8097	0.7946
2	0.0990	0.3261	-0.0107	0.0031	0.3843	0.0736	0.1715	8.5673	-4.8144
0	0.0119	-0.4032	0.2280	-0.0428	-0.3955	-0.0731	-0.4284	8.6171	3.4984
1	-0.4012	-0.1255	0.2588	0.0045	0.0146	-0.3787	-9.7903	3.5811	0.8358
2	0.0997	0.3434	-0.0072	-0.0023	0.3832	0.0888	0.1221	8.3622	-4.9052
0	0.0095	-0.4199	0.2295	0.0552	-0.2943	-0.0539	-0.4817	8.9612	3.6563
1	-0.4174	-0.1326	0.2682	0.0707	0.0359	-0.3863	-9.6457	3.4755	0.8650
2	0.1026	0.3600	-0.0036	0.0609	0.3316	0.1081	-0.0224	8.1897	-4.7952
0	0.0089	-0.4308	0.2276	0.0376	-0.1894	0.0400	-0.6060	9.1256	4.2238
1	-0.4324	-0.1331	0.2689	0.0754	-0.0529	-0.2580	-9.6950	3.4184	0.9952
2	0.1051	0.3724	-0.0038	0.0794	0.2377	0.0186	0.0852	8.3607	-5.1552
0	0.0110	-0.4378	0.2248	0.0673	-0.2119	0.0380	-0.4795	8.6325	3.9049
1	-0.4410	-0.1410	0.2748	-0.0044	-0.0863	-0.1536	-10.0225	3.2125	0.8560
2	0.1041	0.3803	-0.0051	0.0766	0.1732	-0.0307	0.1979	8.3350	-5.3865
0	0.0115	-0.4465	0.2213	0.0912	-0.1706	0.0213	-0.6015	8.8575	4.2087
1	-0.4484	-0.1511	0.2819	0.0329	-0.0759	-0.2041	-10.0912	3.1372	0.8582
2	0.1041	0.3884	-0.0068	0.1074	0.1942	-0.0005	0.1723	8.2364	-5.3798
0	0.0114	-0.4539	0.2174	0.0672	-0.1924	0.0128	-0.6471	8.8220	4.4882
1	-0.4549	-0.1551	0.2830	0.0620	-0.0963	-0.1392	-10.0971	3.0637	0.7842
2	0.1050	0.3955	-0.0095	0.1174	0.1878	0.0026	0.2510	8.2611	-5.5074
0	0.0108	-0.4681	0.2179	-0.0404	-0.4635	-0.0844	-0.5539	8.5018	4.4838
1	-0.4620	-0.1587	0.2837	0.0439	-0.0537	-0.2166	-10.3618	3.0047	0.6900
2	0.1062	0.4057	-0.0102	0.0353	0.3682	0.0846	0.4334	8.4137	-5.7607
0	0.0095	-0.4928	0.2223	-0.0321	-0.4442	-0.0238	-0.7706	9.1021	4.4527
1	-0.4803	-0.1685	0.2951	0.0502	0.0609	-0.5153	-10.5507	2.8816	0.6403
2	0.1091	0.4265	-0.0053	-0.0100	0.5198	0.1330	0.3522	8.3317	-5.7718
0	0.0106	-0.5103	0.2228	-0.0140	-0.3920	-0.0229	-0.5170	8.1657	4.9653
1	-0.5007	-0.1879	0.3167	0.0002	-0.0290	-0.4153	-10.2586	2.8815	0.8078
2	0.1099	0.4477	-0.0020	0.0388	0.3904	0.0282	0.3033	8.2027	-5.7846
0	0.0109	-0.5272	0.2248	-0.0178	-0.3569	-0.0277	-0.4881	8.2331	4.7343
1	-0.5170	-0.2107	0.3394	0.0251	-0.0044	-0.3833	-10.2749	2.4124	0.7226
2	0.1106	0.4651	0.0005	-0.0006	0.3723	0.0670	0.3401	7.6806	-6.1638
0	0.0098	-0.5422	0.2251	0.0216	-0.2689	-0.0389	-0.5111	8.0182	5.3529
1	-0.5324	-0.2325	0.3625	0.0544	-0.0192	-0.3173	-10.1551	2.1657	0.8396
2	0.1120	0.4817	0.0031	0.0716	0.3095	0.0686	0.1583	7.5128	-6.0987
0	0.0088	-0.5532	0.2268	0.0049	-0.2217	-0.0678	-0.5590	8.2625	4.9326
1	-0.5442	-0.2451	0.3753	0.0382	-0.0029	-0.2434	-10.1459	1.8418	0.7852
2	0.1137	0.4936	0.0053	0.0272	0.2483	0.0915	0.3347	7.3234	-6.4074
0	0.0078	-0.5595	0.2254	0.0651	-0.0710	0.0254	-0.5718	8.1494	5.2105
1	-0.5535	-0.2532	0.3850	0.0623	-0.0110	-0.1864	-10.2164	1.9938	0.7778
2	0.1155	0.5026	0.0070	0.0905	0.1185	0.0090	0.2740	7.5608	-6.2075
0	0.0075	-0.5629	0.2238	0.0486	-0.0982	-0.0308	-0.5588	7.9661	5.0685
1	-0.5574	-0.2578	0.3882	0.0335	-0.0518	-0.0693	-10.2134	1.9809	0.7800
2	0.1160	0.5061	0.0057	0.0734	0.1020	0.0266	0.3376	7.4634	-6.3616
0	0.0052	-0.5674	0.2218	0.0761	-0.1279	-0.0086	-0.5835	8.4433	5.3467
1	-0.5609	-0.2565	0.3867	0.0808	-0.0283	-0.0751	-10.2659	1.9009	0.7357
2	0.1180	0.5100	0.0055	0.1143	0.1129	0.0445	0.2785	7.5387	-6.3066
0	0.0052	-0.5742	0.2195	0.0338	-0.1931	-0.0075	-0.4499	7.9635	5.4583
1	-0.5659	-0.2520	0.3810	0.0302	-0.0670	-0.1331	-10.5904	1.9704	0.8232
2	0.1192	0.5156	0.0043	0.0764	0.1674	0.0005	0.3783	7.7966	-6.5905
0	0.0048	-0.5834	0.2194	0.0256	-0.1619	-0.0324	-0.5814	8.1332	5.5700
1	-0.5719	-0.2639	0.3920	0.0413	-0.0243	-0.2044	-10.6255	1.7824	0.7900
2	0.1201	0.5244	0.0050	0.0438	0.2179	0.0526	0.3347	7.4844	-6.7550
0	0.0057	-0.5852	0.2171	0.0214	-0.0040	0.0707	-0.8030	8.3305	5.6741
1	-0.5798	-0.2766	0.4054	0.0357	-0.0332	-0.0883	-10.4468	1.5855	0.7894
2	0.1206	0.5301	0.0054	0.0628	0.0061	-0.0469	0.4532	7.4283	-6.8294
0	0.0087	-0.5878	0.2157	0.0136	-0.0901	0.0589	-0.7537	8.2444	5.1676
1	-0.5796	-0.2901	0.4178	-0.0423	-0.0469	-0.0415	-10.7806	1.7734	0.5567
2	0.1181	0.5312	0.0044	0.0154	0.0977	-0.0426	0.6224	7.8031	-6.7290
0	0.0116	-0.5908	0.2131	-0.0085	-0.0914	0.0662	-0.6140	7.8485	5.5591
1	-0.5814	-0.3164	0.4431	-0.0285	-0.0787	-0.0633	-10.5890	1.9229	0.6361
2	0.1154	0.5348	0.0031	0.0376	0.0769	-0.0623	0.4876	7.5578	-6.5143
0	0.0137	-0.5992	0.2146	-0.0538	-0.2196	-0.0174	-0.5916	7.8925	5.3987
1	-0.5833	-0.3453	0.4713	-0.0359	-0.0043	-0.1537	-10.4995	1.6894	0.5787
2	0.1133	0.5401	0.0040	-0.0212	0.2200	0.0456	0.4823	7.3043	-6.6458
0	0.0153	-0.6046	0.2151	0.0232	-0.0705	0.0046	-0.4959	7.7573	5.2780
1	-0.5903	-0.3816	0.5105	-0.0275	0.0089	-0.1484	-10.3037	1.5751	0.6940
2	0.1120	0.5484	0.0071	0.0151	0.1098	0.0022	0.3316	7.1456	-6.5786
0	0.0159	-0.6084	0.2144	-0.0109	-0.1334	0.0119	-0.5714	7.8763	5.5495
1	-0.5931	-0.3999	0.5293	0.0321	-0.0282	-0.0574	-10.1516	1.5354	0.8219
2	0.1116	0.5523	0.0074	0.0320	0.1135	0.0032	0.3115	7.2288	-6.6243
0	0.0167	-0.6154	0.2151	-0.0073	-0.1480	-0.0254	-0.5133	7.8969	5.5702
1	-0.5969	-0.4229	0.5532	0.0012	-0.0010	-0.1664	-10.4961	1.5459	0.7164
2	0.1109	0.5582	0.0088	0.0159	0.1757	0.0421	0.4032	7.3103	-6.7204
0	0.0157	-0.6215	0.2155	0.0453	-0.1233	-0.0491	-0.4635	7.9069	5.6328
1	-0.6027	-0.4495	0.5817	0.0331	0.0178	-0.1318	-10.3986	1.5201	0.7675
2	0.1116	0.5650	0.0114	0.0637	0.1316	0.0676	0.2671	7.2273	-6.7382
0	0.0146	-0.6263	0.2139	0.0201	-0.1101	0.0127	-0.4326	7.7760	6.0673
1	-0.6085	-0.4566	0.5904	0.0762	-0.0219	-0.0961	-10.4733	1.4109	0.8803
2	0.1138	0.5700	0.0122	0.0770	0.0963	0.0265	0.2545	7.1970	-6.9514
0	0.0154	-0.6320	0.2142	-0.0076	-0.0969	-0.0080	-0.5793	8.0357	5.9124
1	-0.6121	-0.4704	0.6048	0.0080	0.0032	-0.1259	-10.6533	1.1438	0.8072
2	0.1139	0.5753	0.0135	0.0166	0.1406	0.0416	0.4145	7.1505	-7.2046
0	0.0173	-0.6344	0.2134	-0.0116	-0.0749	0.0454	-0.5608	7.7729	5.9287
1	-0.6162	-0.4999	0.6362	-0.0069	-0.0078	-0.0605	-10.5711	1.2520	0.7562
2	0.1131	0.5793	0.0150	0.0255	0.0506	-0.0249	0.3998	7.2237	-7.0396
0	0.0194	-0.6421	0.2156	-0.0741	-0.1844	-0.0422	-0.5382	7.6280	5.7967
1	-0.6176	-0.5380	0.6751	-0.0324	0.0283	-0.1499	-10.6964	1.2444	0.7045
2	0.1109	0.5844	0.0170	-0.0298	0.1769	0.0507	0.4782	7.0969	-7.0961
0	0.0216	-0.6485	0.2179	-0.0405	-0.1344	0.0032	-0.4789	7.6797	5.6548
1	-0.6224	-0.5922	0.7333	-0.0332	0.0576	-0.1782	-10.5363	1.1849	0.7042
2	0.1095	0.5923	0.0213	-0.0332	0.1357	0.0182	0.3613	7.0796	-6.9791
0	0.0231	-0.6566	0.2199	-0.0400	-0.1834	-0.0161	-0.5219	7.9682	5.9497
1	-0.6258	-0.6498	0.7938	-0.0096	0.0347	-0.1902	-10.4888	1.2649	0.8489
2	0.1079	0.5995	0.0245	-0.0144	0.2029	0.0488	0.2989	7.1658	-6.9607
0	0.0262	-0.6599	0.2191	-0.0153	0.0042	0.0904	-0.5487	7.8466	6.1893
1	-0.6304	-0.7148	0.8614	-0.0320	-0.0194	-0.1019	-10.6169	1.2080	0.8571
2	0.1061	0.6060	0.0263	0.0081	0.0702	-0.0594	0.3490	7.1763	-7.1404
0	0.0303	-0.6581	0.2168	0.0050	0.0671	0.1026	-0.3643	7.6756	6.0950
1	-0.6280	-0.7460	0.8920	-0.0687	-0.0565	0.0472	-10.5841	1.0260	0.8335
2	0.1018	0.6056	0.0247	0.0212	-0.0294	-0.0905	0.3216	6.9983	-7.2852
0	0.0349	-0.6530	0.2134	0.0032	0.0414	0.0442	0.0217	6.7986	5.7752
1	-0.6224	-0.7454	0.8900	-0.0842	-0.0813	0.1477	-10.4715	0.9120	0.9786
2	0.0971	0.6011	0.0217	0.0270	-0.1304	-0.1174	0.1474	6.7860	-7.2548
0	0.0339	-0.6630	0.2180	-0.0787	-0.2816	-0.1374	-0.2912	7.7525	5.8699
1	-0.6177	-0.7398	0.8840	0.0472	0.0699	-0.1774	-10.5473	0.8476	0.9785
2	0.0968	0.6052	0.0245	-0.0208	0.2611	0.1688	0.0715	6.7363	-7.1102
0	0.0338	-0.6716	0.2209	-0.0010	-0.0997	0.0079	-0.3692	7.7468	5.9720
1	-0.6273	-0.8197	0.9709	0.0334	0.0887	-0.2665	-10.4595	1.0868	1.0054
2	0.0982	0.6174	0.0317	0.0053	0.1752	0.0542	0.0903	7.0554	-7.0082
0	0.0344	-0.6759	0.2208	-0.0138	-0.1008	-0.0278	-0.3453	7.5533	6.3401
1	-0.6305	-0.8774	1.0308	0.0040	-0.0139	-0.0783	-10.2661	1.0229	1.0577
2	0.0976	0.6220	0.0331	0.0331	0.0914	0.0364	0.1798	6.7864	-7.1878
0	0.0353	-0.6772	0.2205	0.0344	0.0352	0.0412	-0.3136	7.8496	6.2747
1	-0.6323	-0.9089	1.0646	0.0008	0.0129	-0.0565	-10.5897	0.7825	0.8856
2	0.0969	0.6254	0.0350	0.0211	0.0289	-0.0004	0.2632	6.8310	-7.4559
0	0.0377	-0.6757	0.2182	-0.0064	-0.0405	0.0377	-0.1042	7.5179	6.1655
1	-0.6311	-0.9124	1.0685	-0.0226	-0.0476	0.0441	-10.6998	0.8198	1.0850
2	0.0951	0.6238	0.0340	0.0286	-0.0384	-0.0513	0.1524	7.0220	-7.5349
0	0.0404	-0.6809	0.2186	-0.0413	-0.1636	0.0350	-0.3765	7.9055	5.8626
1	-0.6289	-0.9209	1.0770	-0.0204	0.0034	-0.0836	-10.9660	0.9698	1.0183
2	0.0929	0.6265	0.0348	-0.0182	0.1569	0.0041	0.2061	7.2910	-7.4108
0	0.0430	-0.6901	0.2180	0.0050	-0.1796	0.0558	-0.3858	8.0910	6.1059
1	-0.6298	-0.9952	1.1529	-0.0456	-0.0154	-0.2363	-10.8163	1.2019	0.9977
2	0.0902	0.6353	0.0365	0.0103	0.2584	-0.0045	0.1473	7.3049	-7.1016
0	0.0471	-0.6992	0.2157	-0.0233	-0.2868	0.0726	-0.1796	7.2210	5.9895
1	-0.6316	-1.0975	1.2549	-0.0511	-0.0767	-0.1369	-10.5873	1.1570	1.0472
2	0.0875	0.6438	0.0358	0.0059	0.2605	-0.0731	0.1576	7.1167	-7.2523
0	0.0498	-0.7068	0.2131	0.0295	-0.0935	0.0933	-0.2954	7.2867	6.4725
1	-0.6316	-1.2082	1.3645	-0.0318	-0.0800	-0.2314	-10.5530	0.8730	1.0269
2	0.0845	0.6551	0.0346	0.0607	0.1646	-0.0742	0.1234	6.6151	-7.2281
0	0.0532	-0.7126	0.2108	-0.0228	-0.1906	0.0441	-0.1199	6.8675	6.4282
1	-0.6308	-1.2665	1.4202	-0.0472	-0.0951	-0.0603	-10.3054	0.5475	0.9681
2	0.0818	0.6604	0.0320	0.0191	0.1611	-0.0566	0.1831	6.3660	-7.6117
0	0.0554	-0.7216	0.2108	-0.0259	-0.1559	0.0187	-0.1949	6.8905	6.6749
1	-0.6293	-1.3359	1.4882	-0.0235	-0.0320	-0.1798	-10.4928	0.2728	0.9899
2	0.0796	0.6696	0.0325	0.0147	0.2200	0.0051	0.0997	6.1798	-7.5918
0	0.0573	-0.7281	0.2119	-0.0367	-0.2174	-0.0423	0.0058	6.5959	6.3698
1	-0.6287	-1.4134	1.5664	-0.0376	0.0051	-0.0946	-10.2331	0.0909	1.0017
2	0.0776	0.6766	0.0342	-0.0125	0.1290	0.0334	0.1275	5.9282	-7.7270
0	0.0569	-0.7371	0.2145	-0.0001	-0.1147	-0.0539	-0.3170	7.2917	6.4803
1	-0.6279	-1.4948	1.6518	0.0236	0.0625	-0.2442	-10.4017	0.1556	1.0391
2	0.0776	0.6863	0.0387	0.0036	0.2031	0.0950	0.0572	6.2531	-7.5759
0	0.0574	-0.7305	0.2128	0.0321	0.3312	0.0958	-0.2064	7.1194	6.8596
1	-0.6283	4.7255	1.7182	0.0129	0.0022	0.0613	-10.2197	0.3256	1.0460
2	0.0776	0.6870	0.0403	0.0564	-0.2360	-0.0645	0.1364	6.1131	-7.6029
0	0.0593	-0.7226	0.2123	-0.0479	0.1220	-0.0613	-0.0115	6.4726	6.6901
1	-0.6258	-1.4210	1.5809	-0.0595	-0.0237	0.2879	-10.2140	0.1554	1.0513
2	0.0748	0.6757	0.0382	-0.0095	-0.1602	0.0055	0.1525	5.9746	-7.8768
0	0.0603	-0.7130	0.2153	-0.0612	0.3419	0.0110	-0.1034	7.2265	6.7979
1	-0.6233	-1.3431	1.5063	-0.0076	0.1101	0.1221	-10.4359	-0.0837	0.9821
2	0.0733	0.6692	0.0424	-0.0355	-0.2316	0.0404	0.0549	5.9505	-7.7966
0	0.0641	-0.6967	0.2170	-0.0752	0.3203	0.0003	0.0686	7.0304	6.2807
1	-0.6182	-1.2382	1.4059	-0.0834	0.0803	0.3635	-10.1763	0.1249	1.1517
2	0.0689	0.6541	0.0450	-0.0817	-0.3663	-0.0436	0.0247	6.1580	-7.7413
0	0.0653	-0.6836	0.2201	-0.0662	0.2776	-0.0760	-0.0812	7.2158	6.3324
1	-0.6084	-1.1042	1.2768	-0.0366	0.0938	0.2990	-10.4906	0.3870	1.2566
2	0.0648	0.6398	0.0481	-0.0414	-0.3042	0.0385	-0.1411	6.4773	-7.5635
0	0.0641	-0.6763	0.2282	-0.1351	0.1618	-0.1196	-0.2589	8.2248	6.1063
1	-0.6021	-1.0119	1.1907	0.0192	0.1913	0.1378	-10.6931	0.6617	1.1121
2	0.0639	0.6300	0.0553	-0.0888	-0.1104	0.1778	0.0429	6.7872	-7.4273
0	0.0692	-0.6603	0.2329	-0.1260	0.3737	0.0366	-0.0782	7.3781	5.6309
1	-0.5979	-0.9610	1.1500	-0.0989	0.1472	0.2570	-10.4820	1.2445	1.1521
2	0.0600	0.6188	0.0625	-0.1224	-0.3706	-0.0627	0.1202	7.2410	-7.1693
0	0.0723	-0.6457	0.2368	-0.0918	0.3017	-0.0382	-0.0166	7.8337	5.6242
1	-0.5836	-0.8815	1.0756	-0.0979	0.1297	0.3486	-10.2707	1.2779	1.1687
2	0.0540	0.6029	0.0663	-0.0767	-0.3132	0.0219	-0.0984	6.9461	-6.8617
0	0.0780	-0.6263	0.2396	-0.1164	0.4784	0.1299	-0.0504	8.2412	5.7309
1	-0.5707	-0.8042	1.0039	-0.0846	0.0883	0.3497	-10.3463	1.3736	1.2730
2	0.0489	0.5868	0.0697	-0.0965	-0.4010	-0.0952	-0.1618	7.2177	-6.9103
0	0.0876	-0.6039	0.2411	-0.1563	0.4350	0.0905	0.1550	7.2212	5.2778
1	-0.5499	-0.7379	0.9401	-0.2225	0.0374	0.5175	-10.3165	1.4938	1.3813
2	0.0383	0.5654	0.0700	-0.1472	-0.5104	-0.1755	-0.1696	7.1961	-6.9495
0	0.0912	-0.5887	0.2456	-0.1072	0.2917	-0.0680	0.2214	7.9308	5.3379
1	-0.5283	-0.6914	0.8965	-0.1144	0.1150	0.3561	-10.3044	1.4864	1.2220
2	0.0303	0.5482	0.0733	-0.0951	-0.3090	0.0150	-0.2680	7.0057	-6.5183
0	0.0921	-0.5762	0.2495	-0.0281	0.2239	-0.0527	0.2517	7.9785	4.9682
1	-0.5153	-0.6513	0.8618	-0.0573	0.1217	0.2864	-10.3179	1.7710	1.4085
2	0.0264	0.5348	0.0787	-0.0616	-0.2568	0.0166	-0.4246	7.4966	-6.5295
0	0.0901	-0.5643	0.2512	-0.0056	0.3178	-0.0778	0.3444	8.3015	5.3582
1	-0.5063	-0.6230	0.8373	0.0345	0.0736	0.1706	-10.4067	1.9684	1.6052
2	0.0257	0.5250	0.0818	0.0110	-0.2686	0.0641	-0.5038	7.5118	-6.5560
0	0.0883	-0.5490	0.2525	0.0248	0.3491	-0.0696	0.3262	8.3426	5.0860
1	-0.4971	-0.5806	0.7984	0.0393	0.1064	0.3422	-10.2664	1.9807	1.6017
2	0.0258	0.5107	0.0843	0.0223	-0.3415	0.0378	-0.5542	7.5165	-6.5329
0	0.0867	-0.5301	0.2527	0.0133	0.4198	-0.0224	0.2616	8.3490	5.1802
1	-0.4853	-0.5337	0.7536	0.0462	0.0651	0.3785	-10.2969	2.1042	1.6754
2	0.0258	0.4931	0.0854	0.0376	-0.4085	0.0070	-0.5520	7.6738	-6.4491
0	0.0860	-0.5159	0.2548	-0.0577	0.2431	-0.0839	0.2184	8.3463	4.8531
1	-0.4699	-0.4909	0.7122	-0.0009	0.0726	0.3787	-10.3478	2.1668	1.5430
2	0.0248	0.4762	0.0867	-0.0142	-0.3013	0.0477	-0.4156	7.7752	-6.3578
0	0.0858	-0.5053	0.2594	-0.0731	0.2738	-0.0418	0.1392	8.5444	4.5472
1	-0.4579	-0.4622	0.6876	-0.0135	0.1402	0.2193	-10.2885	2.4365	1.4207
2	0.0240	0.4652	0.0913	-0.0658	-0.2244	0.0564	-0.3904	7.8498	-6.0779
0	0.0853	-0.4916	0.2611	0.0156	0.3119	-0.0630	0.0913	8.4898	4.5072
1	-0.4472	-0.4436	0.6738	-0.0118	0.0864	0.2742	-9.9481	2.5927	1.5233
2	0.0224	0.4527	0.0946	0.0124	-0.3197	0.0351	-0.5080	7.7902	-5.8272
0	0.0823	-0.4809	0.2642	-0.0331	0.1663	-0.1249	0.0493	8.7287	4.4824
1	-0.4357	-0.4179	0.6505	0.0378	0.1016	0.2406	-10.0992	2.7050	1.4039
2	0.0232	0.4389	0.0974	-0.0082	-0.1908	0.1125	-0.3709	7.9991	-5.8403
0	0.0799	-0.4711	0.2674	-0.0415	0.2393	-0.0699	-0.0092	8.6503	4.4684
1	-0.4287	-0.3935	0.6312	0.0435	0.1247	0.1816	-10.2242	2.8651	1.3482
2	0.0251	0.4291	0.1022	-0.0105	-0.2450	0.0673	-0.3091	8.1796	-5.8258
0	0.0777	-0.4622	0.2716	-0.0599	0.1826	-0.1294	0.0408	8.7499	4.4070
1	-0.4200	-0.3742	0.6162	0.0207	0.1300	0.2056	-10.1207	2.9047	1.2912
2	0.0257	0.4192	0.1064	-0.0288	-0.1750	0.1180	-0.2576	8.0750	-5.7501
0	0.0761	-0.4494	0.2753	-0.0387	0.3357	-0.0434	0.0311	9.0105	4.4329
1	-0.4129	-0.3549	0.6024	0.0260	0.1412	0.2024	-10.1082	2.9363	1.2883
2	0.0267	0.4099	0.1112	-0.0337	-0.2697	0.0606	-0.3095	8.1745	-5.7152
0	0.0760	-0.4320	0.2791	-0.0752	0.3604	-0.0901	0.2262	8.6365	4.0182
1	-0.3995	-0.3361	0.5879	-0.0368	0.0970	0.3445	-10.0612	3.0568	1.3993
2	0.0251	0.3947	0.1142	-0.0507	-0.3687	0.0334	-0.3172	8.1877	-5.7104
0	0.0736	-0.4191	0.2831	-0.0426	0.2405	-0.0874	0.0488	9.3029	4.0127
1	-0.3843	-0.3170	0.5734	0.0216	0.1526	0.3200	-10.0148	3.2066	1.4191
2	0.0249	0.3790	0.1189	-0.0178	-0.2713	0.1007	-0.5484	8.4028	-5.3138
0	0.0716	-0.4113	0.2866	-0.0541	0.1293	-0.0786	0.0588	9.3801	3.9497
1	-0.3739	-0.2981	0.5595	0.0175	0.1379	0.1769	-10.2654	3.5623	1.4857
2	0.0260	0.3687	0.1236	-0.0384	-0.1422	0.1027	-0.4475	8.8493	-5.3644
0	0.0705	-0.4048	0.2903	-0.0488	0.1015	-0.0707	0.0662	9.2533	3.7342
1	-0.3683	-0.2873	0.5540	0.0015	0.1176	0.1226	-10.2556	3.6612	1.4456
2	0.0262	0.3617	0.1285	-0.0397	-0.1197	0.0615	-0.3983	8.8574	-5.2867
0	0.0692	-0.3994	0.2937	-0.0384	0.1368	-0.0384	0.0310	9.3321	3.6927
1	-0.3636	-0.2801	0.5510	0.0098	0.1044	0.0795	-10.1352	3.7716	1.3842
2	0.0264	0.3564	0.1329	-0.0323	-0.1080	0.0683	-0.3923	8.7496	-5.1155
0	0.0700	-0.3920	0.2957	-0.0346	0.1813	-0.0159	0.0829	9.0200	3.6630
1	-0.3584	-0.2744	0.5489	-0.0246	0.0760	0.1296	-9.8840	3.7564	1.4434
2	0.0255	0.3501	0.1357	-0.0222	-0.1788	0.0225	-0.4647	8.6122	-5.0382
0	0.0708	-0.3833	0.2978	-0.0295	0.1930	-0.0181	0.0638	9.0289	3.4449
1	-0.3507	-0.2691	0.5461	-0.0123	0.0803	0.1838	-9.7916	3.6883	1.4269
2	0.0241	0.3414	0.1380	-0.0243	-0.1873	0.0113	-0.4396	8.5149	-5.0455
0	0.0704	-0.3711	0.2981	0.0315	0.2871	-0.0378	0.1731	8.8282	3.5260
1	-0.3412	-0.2627	0.5418	0.0033	0.0442	0.2327	-9.7325	3.7136	1.3892
2	0.0225	0.3310	0.1393	0.0315	-0.2829	0.0027	-0.4773	8.4494	-4.8898
0	0.0674	-0.3626	0.2994	-0.0491	0.0931	-0.1464	0.1850	8.6797	3.7887
1	-0.3290	-0.2501	0.5297	0.0632	0.0628	0.2424	-9.6927	3.6358	1.3956
2	0.0233	0.3190	0.1399	0.0017	-0.1336	0.1256	-0.4924	8.2922	-4.9857
0	0.0639	-0.3575	0.3039	-0.0554	0.1753	-0.1056	-0.0495	9.2783	3.4755
1	-0.3250	-0.2367	0.5210	0.0414	0.1578	0.0732	-9.8149	3.5043	1.3034
2	0.0263	0.3141	0.1451	-0.0399	-0.1538	0.1245	-0.3869	8.3957	-5.0669
0	0.0624	-0.3463	0.3073	-0.0355	0.2860	-0.0482	-0.1303	9.3677	3.0354
1	-0.3201	-0.2255	0.5156	0.0120	0.1402	0.1765	-9.6848	3.8912	1.3149
2	0.0275	0.3049	0.1494	-0.0255	-0.2783	0.0536	-0.3331	8.7295	-4.7121
0	0.0613	-0.3322	0.3085	-0.0001	0.3436	-0.0227	-0.1222	9.5252	3.1670
1	-0.3094	-0.2141	0.5083	0.0254	0.0927	0.2631	-9.6043	4.2529	1.2812
2	0.0274	0.2920	0.1513	0.0181	-0.2852	0.0344	-0.3754	8.8483	-4.4102
0	0.0603	-0.3177	0.3084	0.0392	0.2404	-0.0737	-0.0909	9.2010	2.6440
1	-0.2965	-0.2028	0.4989	0.0031	0.0609	0.3509	-9.5310	4.2707	1.2461
2	0.0266	0.2767	0.1516	0.0335	-0.3145	0.0285	-0.3337	8.8245	-4.3451
0	0.0582	-0.3059	0.3074	0.0543	0.2683	-0.0291	-0.1200	9.5095	2.6309
1	-0.2844	-0.1898	0.4871	0.0696	0.0635	0.2163	-9.5708	4.4742	1.1817
2	0.0282	0.2648	0.1516	0.0564	-0.2752	0.0348	-0.3293	9.0283	-4.1674
0	0.0580	-0.2930	0.3050	0.0651	0.2988	0.0030	-0.1391	9.3231	2.7796
1	-0.2744	-0.1793	0.4765	0.0648	0.0049	0.2712	-9.5097	4.6039	1.2349
2	0.0282	0.2518	0.1500	0.0706	-0.3041	-0.0243	-0.3517	9.0491	-4.1016
0	0.0573	-0.2817	0.3029	0.0458	0.1695	-0.0312	-0.0715	9.2708	2.7335
1	-0.2594	-0.1681	0.4629	0.0569	-0.0015	0.2839	-9.4435	4.5616	1.1684
2	0.0276	0.2389	0.1478	0.0729	-0.2273	0.0108	-0.3259	8.9978	-4.1106
0	0.0557	-0.2773	0.3034	-0.0063	0.0793	-0.0763	-0.1835	9.5090	2.6288
1	-0.2511	-0.1607	0.4544	0.0377	0.0340	0.1201	-9.5668	4.5455	1.1506
2	0.0284	0.2320	0.1476	0.0096	-0.0835	0.0772	-0.2496	8.9406	-4.2152
0	0.0546	-0.2706	0.3035	0.0188	0.1928	-0.0109	-0.2106	9.5486	2.6799
1	-0.2480	-0.1543	0.4500	0.0335	0.0526	0.1067	-9.4707	4.6117	1.0904
2	0.0295	0.2274	0.1487	0.0341	-0.1709	0.0139	-0.2716	9.0207	-4.0532
0	0.0550	-0.2624	0.3041	-0.0269	0.1649	-0.0262	-0.1471	9.3557	2.5968
1	-0.2405	-0.1501	0.4456	0.0030	0.0145	0.2155	-9.4210	4.6906	1.0872
2	0.0283	0.2184	0.1483	0.0041	-0.1789	0.0001	-0.2260	9.0491	-4.0854
0	0.0547	-0.2549	0.3058	-0.0126	0.1503	-0.0418	-0.1195	9.4858	2.5036
1	-0.2323	-0.1465	0.4426	-0.0021	0.0626	0.1482	-9.4599	4.6972	1.0479
2	0.0275	0.2114	0.1497	0.0006	-0.1396	0.0270	-0.2874	9.0518	-3.9676
0	0.0548	-0.2458	0.3073	-0.0230	0.2341	-0.0182	-0.1489	9.5266	2.1859
1	-0.2259	-0.1424	0.4400	0.0038	0.0525	0.1812	-9.3355	4.7852	1.1133
2	0.0268	0.2038	0.1509	-0.0117	-0.2125	-0.0033	-0.3134	9.0717	-3.9227
0	0.0551	-0.2357	0.3080	-0.0163	0.2134	-0.0112	-0.0696	9.5261	2.3025
1	-0.2147	-0.1383	0.4367	0.0143	0.0256	0.2631	-9.2182	4.9763	1.1324
2	0.0250	0.1930	0.1515	0.0118	-0.2236	-0.0061	-0.3732	9.1857	-3.6610
0	0.0550	-0.2282	0.3094	-0.0156	0.1661	-0.0326	-0.1107	9.6952	2.1637
1	-0.2042	-0.1341	0.4328	0.0059	0.0587	0.1802	-9.3064	5.0429	1.1541
2	0.0240	0.1846	0.1527	-0.0058	-0.1529	0.0322	-0.4097	9.1845	-3.6734
0	0.0549	-0.2197	0.3104	-0.0201	0.1785	-0.0143	-0.1312	9.6267	1.9981
1	-0.1968	-0.1294	0.4298	0.0203	0.0533	0.1839	-9.2287	5.1138	1.1579
2	0.0234	0.1764	0.1536	-0.0021	-0.1976	0.0050	-0.3787	9.2700	-3.5954
0	0.0554	-0.2130	0.3112	-0.0150	0.1497	-0.0069	-0.1255	9.6665	2.1063
1	-0.1887	-0.1260	0.4276	-0.0004	0.0442	0.1424	-9.1972	5.2990	1.1052
2	0.0223	0.1694	0.1545	0.0052	-0.1289	0.0117	-0.3776	9.3771	-3.4207
0	0.0558	-0.2070	0.3122	-0.0141	0.1186	-0.0166	-0.1204	9.5838	1.8857
1	-0.1827	-0.1241	0.4269	-0.0103	0.0506	0.1319	-9.1216	5.2606	1.0902
2	0.0214	0.1631	0.1555	0.0006	-0.1257	0.0160	-0.3764	9.2415	-3.4313
0	0.0561	-0.2005	0.3117	0.0515	0.1566	-0.0060	-0.1396	9.5609	1.9600
1	-0.1775	-0.1218	0.4259	0.0092	0.0308	0.1275	-9.0200	5.2878	1.1160
2	0.0205	0.1565	0.1558	0.0496	-0.1551	-0.0032	-0.4288	9.2270	-3.2967
0	0.0560	-0.1915	0.3104	0.0223	0.2467	-0.0252	-0.0382	9.4042	1.9269
1	-0.1705	-0.1195	0.4222	0.0321	-0.0097	0.1876	-9.0174	5.2389	1.1226
2	0.0198	0.1490	0.1542	0.0460	-0.2141	-0.0036	-0.3691	9.0957	-3.4597
0	0.0551	-0.1794	0.3089	0.0575	0.2929	-0.0167	-0.1360	9.7804	1.7559
1	-0.1604	-0.1155	0.4175	0.0412	0.0286	0.2552	-8.8723	5.1856	1.1034
2	0.0195	0.1382	0.1532	0.0688	-0.2679	0.0142	-0.4644	9.0611	-3.2557
0	0.0552	-0.1651	0.3069	0.0351	0.2989	-0.0133	-0.1498	9.4492	1.6191
1	-0.1486	-0.1101	0.4111	0.0236	0.0109	0.2887	-8.8415	5.4788	1.1182
2	0.0187	0.1240	0.1511	0.0465	-0.2955	-0.0050	-0.3707	9.2660	-3.1359
0	0.0541	-0.1493	0.3056	0.0512	0.2966	-0.0916	-0.1431	9.1143	1.2040
1	-0.1344	-0.1055	0.4060	0.0162	0.0337	0.3265	-8.7038	5.4329	1.0004
2	0.0179	0.1088	0.1500	0.0398	-0.3406	0.0102	-0.3333	9.0732	-2.9813
0	0.0501	-0.1377	0.3046	0.0358	0.2555	-0.0795	-0.2697	9.6859	1.4643
1	-0.1200	-0.0970	0.3979	0.0977	0.0736	0.2530	-8.5823	5.5362	0.9402
2	0.0201	0.0952	0.1491	0.0535	-0.2572	0.0758	-0.3679	9.1069	-2.7471
0	0.0470	-0.1256	0.3042	0.0060	0.2767	-0.0783	-0.1846	9.6418	1.4648
1	-0.1096	-0.0882	0.3897	0.0637	0.0604	0.2557	-8.6442	5.6397	0.9520
2	0.0220	0.0832	0.1486	0.0390	-0.2696	0.0624	-0.2972	9.2633	-2.8502
0	0.0448	-0.1125	0.3051	-0.0188	0.3149	-0.0595	-0.2258	9.6960	1.2155
1	-0.0985	-0.0807	0.3835	0.0382	0.0804	0.2785	-8.6100	5.6885	0.9833
2	0.0230	0.0697	0.1493	-0.0007	-0.3030	0.0373	-0.3280	9.2911	-2.7954
0	0.0423	-0.0987	0.3077	-0.0537	0.2107	-0.0944	-0.1698	9.6718	0.8034
1	-0.0858	-0.0748	0.3799	0.0047	0.0926	0.2801	-8.5816	5.8414	0.9715
2	0.0234	0.0565	0.1509	-0.0299	-0.2705	0.0724	-0.3232	9.4018	-2.5969
0	0.0388	-0.0896	0.3101	-0.0077	0.2188	-0.1036	-0.2363	9.8956	0.5291
1	-0.0749	-0.0673	0.3774	0.0228	0.1531	0.1641	-8.5151	6.0929	0.9251
2	0.0258	0.0458	0.1541	-0.0172	-0.2010	0.0940	-0.4221	9.5718	-2.1997
0	0.0356	-0.0773	0.3093	0.0225	0.2383	-0.0595	-0.2321	9.8021	0.9217
1	-0.0665	-0.0586	0.3731	0.0791	0.0847	0.2152	-8.2570	6.3953	1.0557
2	0.0282	0.0342	0.1545	0.0522	-0.2753	0.0483	-0.4938	9.6409	-2.0573
0	0.0315	-0.0740	0.3113	-0.0676	-0.0303	-0.1334	-0.3733	10.1936	0.7207
1	-0.0561	-0.0516	0.3674	0.0484	0.1094	0.1056	-8.5315	6.3141	0.9411
2	0.0307	0.0256	0.1552	-0.0270	-0.0162	0.1594	-0.2778	9.7645	-2.2873
0	0.0297	-0.0707	0.3142	-0.0243	0.1476	-0.0196	-0.4574	10.1820	0.4226
1	-0.0569	-0.0441	0.3645	0.0133	0.1439	-0.0248	-8.6814	6.4466	0.8088
2	0.0341	0.0248	0.1585	-0.0344	-0.0912	0.0385	-0.1917	9.9777	-2.1504
0	0.0300	-0.0623	0.3144	0.0005	0.2028	0.0067	-0.3566	9.8603	0.5654
1	-0.0528	-0.0421	0.3658	-0.0160	0.0348	0.1598	-8.2854	6.6141	0.8626
2	0.0331	0.0179	0.1591	0.0274	-0.1919	-0.0156	-0.2572	9.7293	-1.8653
0	0.0307	-0.0538	0.3147	-0.0111	0.1435	-0.0204	-0.2014	9.5919	0.4982
1	-0.0433	-0.0424	0.3657	-0.0122	0.0113	0.2040	-8.2251	6.4750	0.7987
2	0.0311	0.0090	0.1586	0.0157	-0.1828	-0.0100	-0.2840	9.5879	-1.9248
0	0.0290	-0.0503	0.3161	-0.0167	0.0474	-0.0816	-0.2765	9.9022	0.2909
1	-0.0360	-0.0415	0.3651	0.0193	0.0735	0.0758	-8.2251	6.4199	0.8552
2	0.0313	0.0036	0.1594	-0.0076	-0.0623	0.0718	-0.3940	9.5417	-1.8972
0	0.0275	-0.0462	0.3164	0.0092	0.1053	-0.0331	-0.4132	9.6846	0.3848
1	-0.0343	-0.0374	0.3632	0.0411	0.0629	0.0509	-8.1512	6.5613	0.9384
2	0.0328	0.0003	0.1599	0.0246	-0.0993	0.0345	-0.3671	9.6796	-1.7692
0	0.0261	-0.0408	0.3163	0.0303	0.1072	-0.0397	-0.4697	9.8346	0.1650
1	-0.0298	-0.0352	0.3616	0.0241	0.0584	0.0992	-8.0847	6.4794	0.7822
2	0.0336	-0.0050	0.1598	0.0239	-0.1174	0.0547	-0.2275	9.4969	-1.8436
0	0.0252	-0.0355	0.3139	0.0777	0.1358	-0.0106	-0.4758	9.8671	0.2139
1	-0.0253	-0.0314	0.3585	0.0552	0.0230	0.0844	-8.0233	6.5569	0.7516
2	0.0347	-0.0103	0.1583	0.0871	-0.1165	0.0336	-0.2511	9.5640	-1.5653
0	0.0252	-0.0284	0.3106	0.0814	0.1248	-0.0677	0.0276	9.0014	-0.0606
1	-0.0206	-0.0281	0.3543	0.0396	0.0599	0.1508	-7.8184	6.6385	0.7263
2	0.0351	-0.0174	0.1548	0.0906	-0.1679	0.0295	-0.2877	9.4054	-1.5166
0	0.0211	-0.0208	0.3066	0.1300	0.2764	-0.1272	-0.4731	9.9156	0.3044
1	-0.0152	-0.0231	0.3490	0.1187	0.0472	0.1173	-7.5662	6.3879	0.9107
2	0.0381	-0.0245	0.1515	0.1200	-0.1931	0.1242	-0.5156	9.0210	-1.4743
0	0.0181	-0.0038	0.3012	0.0975	0.3831	-0.0306	-0.6519	10.1926	0.3409
1	-0.0077	-0.0134	0.3393	0.1376	0.0395	0.3024	-7.7324	6.5216	0.7429
2	0.0418	-0.0400	0.1463	0.1286	-0.3941	0.0309	-0.1561	9.5215	-1.7130
0	0.0181	0.0108	0.2997	-0.0125	0.2428	-0.0060	-0.5023	10.0053	0.1520
1	0.0081	-0.0087	0.3322	0.0493	-0.0095	0.3583	-8.3778	6.7381	0.5574
2	0.0412	-0.0565	0.1429	0.0392	-0.3015	-0.0127	0.0721	10.0658	-1.7547
0	0.0180	0.0177	0.3021	-0.0377	0.0817	-0.0616	-0.4027	9.6168	-0.6806
1	0.0211	-0.0078	0.3310	-0.0422	0.0421	0.1709	-8.3050	6.8751	0.5513
2	0.0395	-0.0666	0.1439	-0.0557	-0.1158	0.0206	-0.1132	9.8627	-1.4168
0	0.0171	0.0285	0.3003	0.1327	0.4593	0.0211	-0.6491	10.3207	-0.4871
1	0.0255	-0.0064	0.3329	0.0201	0.0872	0.0863	-7.7052	7.0559	0.6936
2	0.0403	-0.0731	0.1447	0.0884	-0.3244	0.0036	-0.3720	9.6263	-0.8261
0	0.0189	0.0498	0.2942	0.1211	0.3616	-0.0460	-0.2870	9.1351	-0.5060
1	0.0416	-0.0041	0.3287	0.0537	-0.0709	0.5088	-7.3606	7.2404	0.7373
2	0.0373	-0.0941	0.1389	0.1476	-0.4633	-0.0614	-0.2874	9.6406	-0.8552
0	0.0161	0.0594	0.2925	-0.0109	0.1557	-0.0781	-0.5961	9.9213	-0.3731
1	0.0602	-0.0023	0.3223	0.1207	0.0248	0.2715	-7.6014	6.9883	0.5780
2	0.0378	-0.1090	0.1346	0.0403	-0.1825	0.0831	-0.1111	9.6321	-1.0411
0	0.0132	0.0648	0.2938	-0.0273	0.0930	-0.0787	-0.5835	9.6948	-0.7651
1	0.0674	0.0038	0.3170	0.0298	0.0895	0.1185	-7.7936	7.0654	0.4800
2	0.0402	-0.1153	0.1351	-0.0071	-0.1158	0.0721	-0.0759	9.7504	-0.9492
0	0.0097	0.0696	0.2945	-0.0000	0.1133	-0.0955	-0.5968	9.7389	-0.7887
1	0.0721	0.0082	0.3152	0.0309	0.0987	0.1033	-7.4445	7.1916	0.5202
2	0.0429	-0.1204	0.1358	0.0233	-0.0966	0.0981	-0.1351	9.6162	-0.6182
0	0.0055	0.0764	0.2944	0.0107	0.1389	-0.1202	-0.4934	9.3692	-1.0421
1	0.0762	0.0143	0.3117	0.0592	0.1156	0.1134	-7.1926	7.2900	0.4872
2	0.0466	-0.1270	0.1353	0.0250	-0.1576	0.1101	-0.1968	9.4051	-0.4469
0	-0.0017	0.0778	0.2924	0.0112	-0.0482	-0.1912	-0.7304	9.9585	-0.5208
1	0.0817	0.0226	0.3066	0.1449	0.1172	0.0081	-7.1001	7.2006	0.5517
2	0.0528	-0.1318	0.1341	0.0587	0.0326	0.2251	-0.2435	9.5179	-0.3620
0	-0.0067	0.0802	0.2929	-0.0138	0.1387	-0.0940	-0.7148	9.9695	-0.8022
1	0.0793	0.0331	0.2982	0.0832	0.1198	0.0240	-7.4221	7.2292	0.4272
2	0.0586	-0.1326	0.1341	0.0018	-0.1116	0.0984	0.0391	9.7229	-0.7579
0	-0.0104	0.0851	0.2948	-0.0593	0.0431	-0.0923	-0.8548	9.8182	-0.8278
1	0.0842	0.0380	0.2952	0.0379	0.0606	0.1360	-7.4197	7.3134	0.4074
2	0.0611	-0.1386	0.1346	-0.0194	-0.0869	0.0798	0.0484	9.7765	-0.6639
0	-0.0123	0.0872	0.2987	-0.0632	0.0785	-0.0262	-0.8648	9.9554	-1.0888
1	0.0871	0.0421	0.2948	-0.0411	0.1016	0.0293	-7.5122	7.3767	0.2815
2	0.0633	-0.1405	0.1374	-0.0687	-0.0435	0.0377	0.1615	9.8893	-0.6184
0	-0.0116	0.0932	0.2994	0.0796	0.2196	0.0566	-1.0450	10.4415	-1.5132
1	0.0901	0.0419	0.2983	-0.0534	0.0366	0.0990	-7.2923	7.5021	0.3269
2	0.0628	-0.1447	0.1393	0.0267	-0.1430	-0.0146	0.0462	9.7956	-0.2998
0	-0.0069	0.1029	0.2970	0.0353	0.0921	0.0515	-0.5735	9.3804	-1.1496
1	0.1002	0.0372	0.3015	-0.0371	-0.0893	0.2766	-7.0907	7.8498	0.3685
2	0.0579	-0.1559	0.1355	0.0678	-0.2058	-0.1051	0.0554	10.0824	-0.1420
0	-0.0074	0.1045	0.2965	0.0091	0.0368	-0.0590	-0.7263	9.7166	-0.8334
1	0.1081	0.0318	0.3041	-0.0086	-0.0226	0.0548	-7.3820	7.5872	0.3117
2	0.0558	-0.1594	0.1338	0.0429	-0.0265	0.0423	0.0140	9.6739	-0.3492
0	-0.0081	0.1122	0.2961	0.0366	0.2784	-0.0293	-0.6449	9.8294	-1.3493
1	0.1108	0.0316	0.3036	-0.0198	0.0340	0.1493	-7.1282	7.3450	0.3584
2	0.0565	-0.1639	0.1326	0.0456	-0.2631	0.0230	-0.0132	9.5675	-0.4137
0	-0.0100	0.1205	0.2940	0.0194	0.0324	-0.0912	-0.7909	9.7310	-1.1255
1	0.1224	0.0323	0.3035	0.0367	0.0246	0.2708	-6.9540	7.7037	0.4757
2	0.0571	-0.1746	0.1301	0.0688	-0.1518	0.0688	-0.0772	9.7817	-0.1221
0	-0.0130	0.1221	0.2944	-0.0064	0.0372	-0.0579	-0.8512	10.0505	-1.3373
1	0.1291	0.0341	0.3016	0.0117	0.0357	0.0824	-7.3630	7.6429	0.3007
2	0.0600	-0.1771	0.1290	0.0166	-0.0409	0.0677	0.1632	9.9316	-0.2642
0	-0.0144	0.1221	0.2948	-0.0143	-0.0265	-0.0294	-0.8398	9.6914	-1.0671
1	0.1334	0.0343	0.3007	0.0127	0.0117	0.0472	-7.1209	7.8423	0.3662
2	0.0615	-0.1783	0.1287	0.0157	0.0149	0.0400	0.0522	9.9411	-0.1415
0	-0.0162	0.1215	0.2959	-0.0229	-0.0185	-0.1038	-0.7173	9.1748	-1.3779
1	0.1353	0.0328	0.3015	-0.0297	-0.0107	0.0557	-7.0296	7.5542	0.3835
2	0.0621	-0.1774	0.1289	-0.0081	0.0076	0.0617	0.0847	9.5062	-0.2867
0	-0.0196	0.1192	0.2984	-0.0656	-0.1138	-0.1236	-0.4537	8.8905	-1.4020
1	0.1386	0.0319	0.3017	-0.0126	0.0525	0.0030	-6.6865	7.4743	0.3836
2	0.0647	-0.1763	0.1302	-0.0513	0.0536	0.0857	-0.0401	9.3561	-0.0985
0	-0.0276	0.1145	0.2989	-0.0073	0.0088	-0.1817	-1.0632	10.3414	-0.8343
1	0.1377	0.0327	0.3035	0.0454	0.0546	-0.0331	-6.6143	7.4076	0.5865
2	0.0711	-0.1716	0.1318	0.0139	0.1140	0.2499	-0.2180	9.0863	-0.0972
0	-0.0315	0.1187	0.2995	-0.0111	0.0882	-0.0625	-1.2035	9.9802	-1.3268
1	0.1374	0.0395	0.2984	0.0505	0.0935	0.0954	-6.7305	7.6793	0.3890
2	0.0770	-0.1733	0.1320	-0.0024	-0.1137	0.0721	0.2987	9.8491	-0.2886
0	-0.0333	0.1236	0.3002	-0.0103	0.1164	-0.0514	-1.0765	9.7000	-1.3547
1	0.1417	0.0421	0.2972	0.0088	0.0465	0.1094	-6.9824	7.9567	0.2361
2	0.0786	-0.1780	0.1322	0.0014	-0.1239	0.0418	0.4083	9.9789	-0.1427
0	-0.0347	0.1276	0.3017	-0.0435	0.0711	-0.0282	-1.0127	9.8841	-1.2543
1	0.1473	0.0436	0.2966	0.0094	0.0363	0.0969	-6.9616	7.8206	0.2209
2	0.0796	-0.1830	0.1324	-0.0118	-0.0770	0.0364	0.3074	9.7871	-0.1409
0	-0.0360	0.1321	0.3030	0.0087	0.0747	-0.0859	-0.8568	9.4818	-1.7859
1	0.1506	0.0439	0.2973	-0.0065	-0.0137	0.0945	-6.9383	7.8168	0.3253
2	0.0801	-0.1869	0.1335	-0.0095	-0.1026	0.0396	0.1741	9.7295	-0.0371
0	-0.0392	0.1321	0.3023	0.0023	-0.1319	-0.0790	-0.9947	10.0393	-1.5542
1	0.1542	0.0451	0.2962	0.0686	0.0740	0.0306	-6.6866	7.9619	0.4184
2	0.0829	-0.1894	0.1326	0.0353	0.0272	0.1007	0.0430	9.8080	0.2207
0	-0.0414	0.1239	0.3021	0.0166	-0.1697	-0.0558	-1.0545	9.8388	-1.3325
1	0.1508	0.0488	0.2926	0.0748	0.0339	-0.1988	-7.0844	8.1459	0.4295
2	0.0861	-0.1837	0.1319	0.0041	0.1975	0.0783	0.2296	10.2161	0.0399
0	-0.0428	0.1226	0.2993	0.0824	0.0988	0.0088	-1.1635	10.1873	-1.1886
1	0.1419	0.0502	0.2900	0.0846	0.0031	-0.1322	-6.8930	7.9236	0.3655
2	0.0882	-0.1785	0.1307	0.0832	0.0091	0.0561	0.2066	9.5891	-0.0604
0	-0.0405	0.1311	0.2953	0.0788	0.1757	-0.0149	-0.8739	9.1022	-1.0619
1	0.1436	0.0502	0.2863	0.0348	-0.0914	0.2036	-6.5252	7.7174	0.3805
2	0.0862	-0.1843	0.1264	0.1160	-0.2016	-0.0464	0.2878	9.4394	-0.0625
0	-0.0423	0.1371	0.2938	0.0273	0.1003	-0.1159	-0.9723	9.2153	-1.4714
1	0.1525	0.0489	0.2834	0.0575	-0.0201	0.1737	-6.6815	7.4431	0.2134
2	0.0854	-0.1919	0.1227	0.0483	-0.1131	0.0620	0.2869	9.2127	-0.2080
0	-0.0460	0.1454	0.2920	-0.0015	0.1476	-0.0475	-1.3295	9.9671	-1.2503
1	0.1583	0.0530	0.2787	0.1150	0.0498	0.1838	-6.5744	7.5648	0.2423
2	0.0896	-0.1999	0.1200	0.0525	-0.2026	0.0748	0.3072	9.4238	0.0327
0	-0.0488	0.1475	0.2932	0.0241	-0.0224	-0.1154	-0.9291	9.4525	-1.8342
1	0.1662	0.0569	0.2752	0.0056	0.0795	0.0688	-7.0576	7.9796	0.0566
2	0.0916	-0.2048	0.1202	-0.0191	-0.0127	0.0970	0.4868	9.9878	0.0230
0	-0.0529	0.1507	0.2887	0.1549	0.1407	-0.1172	-1.1112	9.6729	-1.2807
1	0.1656	0.0628	0.2720	0.1433	0.0991	0.0082	-6.7015	7.9694	0.3509
2	0.0964	-0.2064	0.1173	0.1485	-0.1021	0.1232	0.0246	9.5714	0.3239
0	-0.0572	0.1556	0.2836	0.0598	0.0276	-0.1379	-1.2280	9.6439	-1.3368
1	0.1703	0.0697	0.2627	0.1981	0.0320	0.1636	-6.5437	7.7938	0.3967
2	0.1006	-0.2138	0.1101	0.1077	-0.1037	0.1391	0.4180	9.5507	-0.1342
0	-0.0618	0.1567	0.2798	0.1033	0.0884	-0.0899	-1.4031	9.9712	-1.6480
1	0.1738	0.0786	0.2534	0.1567	0.1060	-0.0225	-6.9418	7.8295	0.0499
2	0.1056	-0.2151	0.1064	0.0945	-0.0020	0.1228	0.5483	9.8317	-0.0112
0	-0.0639	0.1633	0.2758	0.0478	0.1399	-0.0431	-1.4300	9.9003	-1.5106
1	0.1764	0.0858	0.2453	0.1402	0.0404	0.1502	-6.5017	8.1029	0.0286
2	0.1082	-0.2204	0.1012	0.1052	-0.1547	0.0586	0.5847	9.7170	0.3027
0	-0.0653	0.1682	0.2743	0.0592	0.0876	-0.0660	-1.3321	9.6132	-1.9195
1	0.1836	0.0904	0.2408	0.0434	0.0739	0.1289	-6.6416	8.0991	-0.1165
2	0.1091	-0.2262	0.0982	0.0506	-0.0743	0.0559	0.6481	9.7928	0.2587
0	-0.0672	0.1738	0.2711	0.0676	0.1127	-0.0750	-1.3131	9.5296	-1.8241
1	0.1884	0.0945	0.2371	0.0983	0.0270	0.1262	-6.3714	8.0563	-0.0378
2	0.1109	-0.2317	0.0945	0.1002	-0.1297	0.0612	0.4869	9.5386	0.5100
0	-0.0704	0.1786	0.2676	0.0782	0.0872	-0.1192	-1.3182	9.5415	-1.7943
1	0.1941	0.0984	0.2323	0.1002	0.0470	0.0974	-6.3595	8.0652	-0.0962
2	0.1132	-0.2370	0.0904	0.0955	-0.0855	0.0984	0.5275	9.5571	0.4554
0	-0.0742	0.1848	0.2630	0.1153	0.1520	-0.1069	-1.3555	9.9095	-1.9655
1	0.1989	0.1046	0.2253	0.1478	0.0525	0.1124	-6.3800	8.0139	-0.0822
2	0.1171	-0.2431	0.0852	0.1233	-0.1653	0.0989	0.5045	9.5542	0.4275
0	-0.0760	0.1894	0.2576	0.0835	0.0025	-0.0539	-1.3759	9.9038	-1.9052
1	0.2062	0.1098	0.2180	0.1888	-0.0146	0.1666	-6.5532	8.2431	-0.0394
2	0.1191	-0.2493	0.0797	0.1319	-0.0648	0.0664	0.4921	10.0196	0.5448
0	-0.0765	0.1904	0.2536	0.1132	-0.0111	-0.0506	-1.4535	9.4142	-2.1248
1	0.2083	0.1121	0.2124	0.0835	-0.0221	0.0059	-6.6113	8.3997	-0.0725
2	0.1202	-0.2508	0.0749	0.1172	-0.0142	0.0339	0.6106	10.0140	0.5603
0	-0.0780	0.1894	0.2491	0.0443	-0.0656	-0.0541	-1.4973	9.6666	-1.7547
1	0.2086	0.1126	0.2074	0.1245	-0.0366	-0.0230	-6.2529	8.1541	-0.2123
2	0.1214	-0.2512	0.0687	0.1066	0.0395	0.0673	0.6789	9.5218	0.5076
0	-0.0773	0.1861	0.2469	0.0822	-0.0518	0.0454	-1.5374	9.8847	-1.7415
1	0.2063	0.1143	0.2025	0.0672	-0.0159	-0.0888	-6.4305	8.0842	-0.2807
2	0.1225	-0.2485	0.0655	0.0765	0.1054	0.0131	0.7255	9.7797	0.5179
0	-0.0725	0.1896	0.2430	0.1035	0.0977	0.0995	-1.3820	9.6857	-1.6105
1	0.2036	0.1109	0.2000	0.0415	-0.1441	0.0490	-6.3910	8.1258	-0.1295
2	0.1187	-0.2486	0.0605	0.1303	-0.1102	-0.0922	0.6634	9.6084	0.3189
0	-0.0656	0.1934	0.2406	0.1076	0.0654	0.1631	-1.3281	9.7230	-2.0914
1	0.2084	0.1037	0.1998	-0.0159	-0.1309	0.0872	-6.5927	8.0233	-0.0782
2	0.1126	-0.2526	0.0563	0.0942	-0.0663	-0.1360	0.5778	9.7281	0.2792
0	-0.0581	0.1921	0.2374	0.0843	-0.2233	0.0697	-1.2352	9.6148	-2.0008
1	0.2111	0.0951	0.2024	-0.0431	-0.2006	0.0250	-6.4113	8.1685	0.0319
2	0.1047	-0.2542	0.0519	0.1193	0.0822	-0.1153	0.4512	9.8409	0.6303
0	-0.0539	0.1802	0.2367	0.0368	-0.2723	0.0694	-1.2553	9.8131	-2.1427
1	0.2040	0.0866	0.2030	0.0043	-0.1246	-0.2933	-6.7411	8.3931	-0.0799
2	0.1007	-0.2445	0.0483	0.0577	0.2934	-0.0584	0.5332	10.0752	0.5646
0	-0.0520	0.1672	0.2351	0.0578	-0.3308	-0.0305	-1.1019	9.5792	-1.6941
1	0.1920	0.0810	0.2021	0.0481	-0.1244	-0.2839	-6.4284	8.3871	0.0092
2	0.0983	-0.2321	0.0459	0.0876	0.3253	0.0196	0.3302	9.7565	0.6476
0	-0.0521	0.1537	0.2323	0.0554	-0.2746	-0.0029	-1.2776	9.9694	-1.5500
1	0.1786	0.0796	0.1977	0.0927	-0.0486	-0.2810	-6.4681	8.1104	0.1279
2	0.0993	-0.2185	0.0417	0.1047	0.2609	0.0410	0.3561	9.6377	0.2950
0	-0.0512	0.1390	0.2299	0.0617	-0.3915	-0.0206	-1.1552	9.3265	-1.4558
1	0.1660	0.0789	0.1930	0.0789	-0.0782	-0.3097	-6.7586	8.0979	0.0857
2	0.0993	-0.2044	0.0375	0.1061	0.3708	0.0267	0.4415	9.8534	0.2268
0	-0.0508	0.1220	0.2278	0.0422	-0.3194	-0.0101	-1.2582	9.7266	-1.1001
1	0.1509	0.0781	0.1883	0.0874	-0.0673	-0.3641	-6.6585	7.8419	0.0551
2	0.1001	-0.1885	0.0340	0.0907	0.3578	0.0345	0.4448	9.4813	0.0517
0	-0.0493	0.1098	0.2276	0.0124	-0.2073	0.0291	-1.1296	9.6012	-1.1673
1	0.1352	0.0771	0.1845	0.0252	-0.0498	-0.2901	-6.7171	7.6809	0.0254
2	0.1001	-0.1737	0.0316	0.0432	0.2593	-0.0113	0.4924	9.5589	-0.2020
0	-0.0475	0.1022	0.2278	-0.0134	-0.1454	0.0124	-1.0624	9.7025	-1.0397
1	0.1256	0.0741	0.1849	0.0077	-0.0530	-0.1720	-6.6550	7.6196	0.1239
2	0.0988	-0.1655	0.0302	0.0301	0.1493	-0.0086	0.3772	9.4002	-0.2468
0	-0.0454	0.0977	0.2281	0.0327	-0.0478	0.0396	-1.1604	10.0262	-1.0204
1	0.1184	0.0708	0.1862	-0.0115	-0.0366	-0.1262	-6.9145	7.6073	0.1917
2	0.0972	-0.1592	0.0297	0.0460	0.0784	-0.0327	0.3165	9.7095	-0.3102
0	-0.0438	0.0972	0.2265	0.0645	0.0577	-0.0027	-1.1544	9.8929	-0.6835
1	0.1158	0.0669	0.1875	0.0167	-0.0520	-0.0278	-7.1804	7.7235	0.2654
2	0.0948	-0.1573	0.0274	0.0881	0.0140	-0.0104	0.3082	9.7892	-0.4390
0	-0.0408	0.1046	0.2242	0.0653	0.2652	0.1140	-1.1484	9.9817	-0.6021
1	0.1183	0.0652	0.1864	0.0242	-0.0505	0.1569	-7.1630	7.5352	0.2167
2	0.0928	-0.1614	0.0240	0.0882	-0.2084	-0.0919	0.4028	9.6682	-0.6669
0	-0.0363	0.1153	0.2223	0.0651	0.1693	0.0337	-0.9913	9.4731	-1.2668
1	0.1291	0.0595	0.1889	-0.0360	-0.0856	0.2739	-7.1870	7.4605	0.2168
2	0.0870	-0.1722	0.0212	0.0717	-0.2116	-0.0813	0.4008	9.6617	-0.6145
0	-0.0349	0.1212	0.2192	0.0905	0.0777	0.0116	-1.0399	9.8020	-1.4615
1	0.1378	0.0559	0.1894	0.0468	-0.0461	0.1406	-7.0432	7.6355	0.2456
2	0.0845	-0.1794	0.0182	0.1044	-0.1171	-0.0094	0.2205	9.6732	-0.1561
0	-0.0339	0.1221	0.2156	0.0928	-0.0428	-0.0146	-0.9866	9.6259	-1.4274
1	0.1423	0.0547	0.1870	0.0630	-0.0575	0.0184	-6.8554	7.9314	0.3180
2	0.0833	-0.1823	0.0138	0.1160	0.0326	0.0101	0.2117	9.7886	0.1438
0	-0.0328	0.1239	0.2109	0.1320	0.0826	-0.0025	-1.0464	9.7358	-1.2053
1	0.1415	0.0536	0.1836	0.0710	-0.0785	-0.0019	-6.6752	7.8224	0.3228
2	0.0825	-0.1824	0.0092	0.1469	-0.0498	-0.0154	0.1829	9.5801	0.0225
0	-0.0312	0.1300	0.2065	0.0686	0.1100	0.0211	-0.9921	9.7959	-1.2194
1	0.1448	0.0518	0.1799	0.0732	-0.0693	0.1217	-6.7420	7.7298	0.2986
2	0.0807	-0.1875	0.0034	0.1097	-0.1249	-0.0283	0.3270	9.6616	-0.2734
0	-0.0310	0.1331	0.2037	0.0899	0.0185	-0.0419	-1.0302	9.9641	-1.5950
1	0.1503	0.0499	0.1780	0.0399	-0.0276	0.0656	-6.9473	7.8364	0.2740
2	0.0793	-0.1920	0.0000	0.1039	-0.0339	0.0398	0.2010	9.7567	0.0439
0	-0.0314	0.1346	0.2003	0.0828	0.0405	-0.0270	-1.1024	9.9985	-1.3374
1	0.1516	0.0508	0.1743	0.0860	-0.0284	0.0168	-6.7890	8.0326	0.3403
2	0.0800	-0.1938	-0.0041	0.1189	-0.0307	0.0312	0.1924	9.8591	0.1616
0	-0.0312	0.1360	0.1977	0.0540	-0.0088	-0.0207	-0.9682	9.5458	-1.3670
1	0.1532	0.0516	0.1706	0.0663	-0.0281	0.0441	-6.8373	8.0169	0.2931
2	0.0798	-0.1957	-0.0078	0.0955	-0.0158	0.0141	0.2672	9.8542	-0.0009
0	-0.0321	0.1358	0.1957	0.0695	-0.0002	-0.0588	-1.0010	9.6651	-1.4799
1	0.1537	0.0519	0.1679	0.0579	-0.0076	-0.0206	-6.7306	7.7639	0.3019
2	0.0802	-0.1959	-0.0108	0.0812	0.0148	0.0489	0.1838	9.5328	0.0014
0	-0.0323	0.1377	0.1936	0.0268	0.0526	-0.0028	-0.9786	9.7694	-1.1433
1	0.1536	0.0536	0.1644	0.0743	-0.0136	0.0370	-6.6395	7.7816	0.3466
2	0.0808	-0.1974	-0.0138	0.0743	-0.0504	0.0044	0.2118	9.6435	-0.0592
0	-0.0323	0.1393	0.1934	0.0214	0.0072	-0.0394	-0.9725	9.6854	-1.6124
1	0.1558	0.0532	0.1630	0.0158	-0.0046	0.0428	-6.8378	7.7659	0.3254
2	0.0799	-0.1993	-0.0149	0.0390	-0.0257	0.0148	0.2294	9.6719	-0.0832
