0	0.0000	0.0000	0.0000	0.0000	0.0000	0.0000	0.0000	0.0000	0.0000
1	0.0000	0.0000	0.0000	0.0000	0.0000	0.0000	0.0000	0.0000	0.0000
3	0.0000	0.0000	0.0000	0.0000	0.0000	0.0000	0.0000	0.0000	0.0000
0	-0.0078	0.0111	0.0442	0.0055	-0.0314	-0.0393	-0.8359	9.7362	0.9402
1	0.0099	0.0119	0.0007	0.0011	0.0248	-0.0172	-8.4895	6.0703	0.2311
2	0.0226	-0.0684	-0.0591	0.0107	0.0315	0.0300	0.1887	9.4520	-2.2123
0	-0.0083	0.0115	0.0445	-0.0112	-0.0628	-0.0224	-0.8957	9.8148	0.6369
1	0.0104	0.0135	-0.0007	0.0039	0.0365	-0.0167	-8.5392	6.0835	0.2596
2	0.0234	-0.0692	-0.0604	-0.0185	0.0314	0.0283	0.2411	9.5660	-2.3339
0	-0.0079	0.0106	0.0439	-0.0140	-0.0680	-0.0053	-0.8256	9.6556	1.0431
1	0.0101	0.0142	-0.0010	0.0144	0.0119	-0.0610	-8.6197	6.2201	0.2604
2	0.0237	-0.0685	-0.0618	0.0110	0.0623	0.0059	0.2366	9.6944	-2.2224
0	-0.0079	0.0098	0.0443	-0.0222	-0.0208	-0.0141	-0.9169	9.8347	1.0089
1	0.0091	0.0136	-0.0007	-0.0031	0.0269	-0.0717	-8.5712	6.0319	0.2121
2	0.0237	-0.0674	-0.0630	-0.0109	0.0501	0.0304	0.2605	9.3875	-2.3404
0	-0.0068	0.0112	0.0455	-0.0550	-0.0191	0.0108	-0.8868	9.7642	0.7895
1	0.0091	0.0137	-0.0002	-0.0332	0.0353	-0.0013	-8.5317	6.0465	0.2004
2	0.0232	-0.0687	-0.0633	-0.0547	0.0043	-0.0037	0.3415	9.5461	-2.3857
0	-0.0054	0.0118	0.0464	-0.0188	-0.0456	0.0056	-0.7963	9.6906	0.8077
1	0.0100	0.0120	0.0032	-0.0395	0.0449	-0.0380	-8.6238	6.1443	0.2131
2	0.0224	-0.0698	-0.0630	-0.0307	0.0219	0.0094	0.2163	9.6123	-2.2376
0	-0.0041	0.0121	0.0473	-0.0499	-0.0365	0.0119	-0.8393	9.7178	0.7993
1	0.0092	0.0109	0.0058	-0.0283	0.0470	-0.0614	-8.5665	6.1266	0.2722
2	0.0221	-0.0707	-0.0632	-0.0517	0.0102	0.0085	0.2414	9.5505	-2.2835
0	-0.0053	0.0127	0.0466	0.0109	-0.0644	-0.0593	-0.9195	9.8114	0.8939
1	0.0085	0.0104	0.0086	0.0105	0.0549	-0.0487	-8.5386	6.0805	0.2619
2	0.0230	-0.0721	-0.0636	0.0384	0.0294	0.1021	0.1219	9.3765	-2.1012
0	-0.0059	0.0122	0.0470	-0.0088	-0.1156	-0.0462	-0.7626	9.4594	0.3074
1	0.0074	0.0143	0.0057	-0.0081	0.0490	-0.0375	-8.4684	6.0599	0.2242
2	0.0245	-0.0724	-0.0646	-0.0232	0.0475	0.0350	0.2950	9.4786	-2.2013
0	-0.0078	0.0087	0.0445	0.0606	-0.1215	-0.0603	-0.7709	9.5466	0.7288
1	0.0061	0.0154	0.0053	0.0550	0.0064	-0.1175	-8.4010	6.1455	0.2909
2	0.0260	-0.0690	-0.0666	0.0648	0.1294	0.0334	0.1264	9.5065	-1.8793
0	-0.0101	0.0070	0.0417	0.0155	-0.0227	-0.0341	-0.9331	9.9934	1.2860
1	0.0031	0.0182	-0.0009	0.1064	-0.0213	-0.0832	-8.3513	6.1016	0.2758
2	0.0284	-0.0656	-0.0713	0.0635	0.0653	0.0522	0.2668	9.3830	-2.2545
0	-0.0103	0.0087	0.0413	-0.0055	0.0098	-0.0124	-0.9247	9.8354	0.8790
1	0.0034	0.0212	-0.0056	0.0165	0.0100	0.0136	-8.5602	6.0008	0.1467
2	0.0290	-0.0664	-0.0737	0.0130	-0.0036	0.0089	0.3958	9.5388	-2.4655
0	-0.0109	0.0099	0.0401	0.0361	-0.0314	-0.0469	-0.8793	9.6898	0.8299
1	0.0058	0.0217	-0.0067	0.0227	0.0076	-0.0021	-8.6058	6.0944	0.1849
2	0.0291	-0.0677	-0.0756	0.0391	0.0314	0.0311	0.2249	9.5365	-2.1837
0	-0.0116	0.0121	0.0386	0.0049	0.0316	-0.0220	-0.9074	9.8072	0.8750
1	0.0069	0.0239	-0.0103	0.0416	0.0041	0.0019	-8.5249	6.0932	0.2336
2	0.0301	-0.0689	-0.0786	0.0202	-0.0106	0.0179	0.2765	9.5129	-2.3015
0	-0.0122	0.0154	0.0368	0.0174	0.0023	-0.0329	-0.8773	9.6641	0.9706
1	0.0099	0.0253	-0.0124	0.0370	0.0127	0.0382	-8.5332	6.1347	0.1888
2	0.0305	-0.0722	-0.0813	0.0460	-0.0251	0.0226	0.2666	9.5744	-2.1836
0	-0.0127	0.0181	0.0360	-0.0008	0.0728	-0.0113	-0.9111	9.8617	0.8826
1	0.0124	0.0273	-0.0152	0.0289	0.0248	0.0078	-8.5686	6.0937	0.1635
2	0.0313	-0.0745	-0.0836	0.0147	-0.0355	0.0226	0.3266	9.5141	-2.2732
0	-0.0123	0.0271	0.0347	0.0181	0.1837	-0.0552	-0.8092	9.1984	0.7725
1	0.0167	0.0284	-0.0162	-0.0041	0.0199	0.1148	-8.4332	6.1493	0.1805
2	0.0307	-0.0807	-0.0859	0.0281	-0.1718	-0.0147	0.2819	9.4359	-2.1747
0	-0.0160	0.0376	0.0341	-0.0121	0.2420	-0.1220	-0.9370	9.6108	0.9956
1	0.0273	0.0312	-0.0190	0.0774	0.0752	0.2073	-8.2553	6.0196	0.0914
2	0.0320	-0.0904	-0.0883	0.0280	-0.2013	0.0763	0.2798	9.2102	-2.1122
0	-0.0210	0.0484	0.0367	-0.0787	0.1819	-0.1076	-1.0695	9.9911	0.5352
1	0.0386	0.0395	-0.0248	0.0529	0.1678	0.2238	-8.3986	6.1103	-0.0076
2	0.0357	-0.1017	-0.0880	-0.0620	-0.2042	0.1183	0.4463	9.4184	-2.3044
0	-0.0229	0.0593	0.0381	-0.0166	0.1829	-0.0133	-1.0300	9.9658	0.3798
1	0.0482	0.0473	-0.0272	0.0104	0.1214	0.1732	-8.5115	6.3403	0.0957
2	0.0381	-0.1125	-0.0865	-0.0061	-0.2061	0.0185	0.3351	9.8280	-1.7802
0	-0.0235	0.0686	0.0376	-0.0032	0.1733	-0.0366	-0.9948	9.8101	0.3848
1	0.0613	0.0506	-0.0285	0.0129	0.0384	0.1651	-8.1874	6.6518	0.1106
2	0.0377	-0.1222	-0.0880	0.0091	-0.1595	0.0196	0.3218	9.6567	-1.6541
0	-0.0239	0.0795	0.0375	-0.0047	0.1523	-0.0408	-0.9988	9.5870	0.1205
1	0.0711	0.0524	-0.0293	-0.0081	0.0490	0.2019	-8.0987	6.5756	0.0389
2	0.0375	-0.1327	-0.0893	-0.0046	-0.1924	0.0044	0.3537	9.6156	-1.6525
0	-0.0250	0.0862	0.0367	0.0132	0.0991	-0.0236	-1.0825	9.9448	0.1291
1	0.0811	0.0540	-0.0299	0.0355	0.0250	0.1439	-8.1046	6.6230	0.0372
2	0.0376	-0.1405	-0.0909	0.0233	-0.0796	0.0235	0.3400	9.6649	-1.4975
0	-0.0258	0.0930	0.0356	-0.0108	0.0899	-0.0466	-1.0370	9.7081	0.3232
1	0.0884	0.0556	-0.0323	0.0231	0.0091	0.1243	-8.0239	6.7430	0.0039
2	0.0377	-0.1471	-0.0936	0.0219	-0.1020	0.0294	0.3781	9.6226	-1.4812
0	-0.0260	0.0995	0.0368	-0.0396	0.1569	0.0293	-1.1273	10.1969	-0.0203
1	0.0950	0.0578	-0.0341	0.0030	0.0682	0.0854	-8.0249	6.6828	-0.0892
2	0.0383	-0.1531	-0.0944	-0.0322	-0.1035	0.0134	0.4594	9.6685	-1.6068
0	-0.0235	0.1114	0.0368	-0.0113	0.2083	0.0016	-1.0214	9.4544	0.0190
1	0.1021	0.0575	-0.0316	-0.0500	0.0127	0.1913	-7.9251	6.8696	0.0219
2	0.0356	-0.1635	-0.0956	-0.0039	-0.2227	-0.0526	0.3573	9.7252	-1.3590
0	-0.0238	0.1221	0.0373	-0.0323	0.2382	-0.0017	-1.0640	10.0130	-0.1229
1	0.1130	0.0558	-0.0292	0.0025	0.0570	0.1956	-7.9064	6.7038	-0.0854
2	0.0345	-0.1744	-0.0966	-0.0266	-0.1982	0.0144	0.3638	9.4823	-1.3763
0	-0.0231	0.1359	0.0371	0.0082	0.2753	-0.0218	-1.0018	9.5383	-0.3451
1	0.1239	0.0570	-0.0283	-0.0393	0.0387	0.2599	-7.8105	6.8574	-0.0082
2	0.0331	-0.1868	-0.0974	0.0036	-0.2769	-0.0242	0.2958	9.6138	-1.1701
0	-0.0251	0.1477	0.0356	0.0149	0.1857	-0.0717	-0.9954	9.8311	-0.4987
1	0.1382	0.0570	-0.0276	0.0232	0.0396	0.2536	-7.6147	6.9484	-0.0226
2	0.0330	-0.2009	-0.0997	0.0268	-0.2052	0.0527	0.2837	9.5501	-0.8994
0	-0.0256	0.1575	0.0350	-0.0065	0.1601	-0.0004	-1.0853	9.9403	-0.6159
1	0.1488	0.0608	-0.0310	0.0343	0.0438	0.1828	-7.6353	7.1646	-0.0128
2	0.0338	-0.2109	-0.1018	0.0017	-0.1677	-0.0004	0.3278	9.9026	-0.8890
0	-0.0256	0.1682	0.0335	0.0256	0.2347	-0.0322	-1.0319	9.7696	-0.4201
1	0.1578	0.0610	-0.0308	-0.0035	0.0183	0.1508	-7.5961	7.2940	-0.0006
2	0.0328	-0.2201	-0.1038	0.0274	-0.1780	0.0096	0.2908	9.7275	-0.7674
0	-0.0259	0.1836	0.0322	0.0153	0.3720	-0.0235	-1.0458	9.7187	-0.6646
1	0.1689	0.0622	-0.0318	0.0153	0.0426	0.2702	-7.3765	7.1164	-0.0424
2	0.0325	-0.2330	-0.1063	0.0169	-0.3397	-0.0074	0.3207	9.4844	-0.9021
0	-0.0259	0.2053	0.0301	0.0414	0.4374	-0.0040	-1.0839	9.7368	-1.0079
1	0.1864	0.0636	-0.0325	0.0205	0.0411	0.3918	-7.3260	7.1943	-0.0597
2	0.0314	-0.2531	-0.1091	0.0336	-0.4248	-0.0239	0.3002	9.5769	-0.5910
0	-0.0259	0.2253	0.0280	0.0244	0.4414	-0.0361	-0.9966	9.5777	-1.2260
1	0.2070	0.0643	-0.0334	0.0163	0.0139	0.4487	-7.1647	7.4332	-0.0671
2	0.0296	-0.2741	-0.1123	0.0296	-0.4456	-0.0132	0.2879	9.5966	-0.3292
0	-0.0261	0.2495	0.0253	0.0627	0.4528	-0.0104	-1.0882	9.7851	-1.6304
1	0.2288	0.0662	-0.0349	0.0329	0.0506	0.4599	-6.9364	7.6106	-0.0751
2	0.0287	-0.2962	-0.1155	0.0398	-0.4719	-0.0195	0.2425	9.6616	0.0262
0	-0.0260	0.2693	0.0221	0.0302	0.3456	-0.0338	-1.0131	9.5924	-1.5656
1	0.2506	0.0676	-0.0366	0.0345	0.0069	0.4279	-6.8683	7.8888	-0.0313
2	0.0270	-0.3172	-0.1197	0.0550	-0.3753	-0.0063	0.2113	9.8092	0.2164
0	-0.0263	0.2863	0.0198	0.0507	0.2690	-0.0250	-1.0879	9.7652	-2.0019
1	0.2700	0.0691	-0.0386	0.0202	0.0366	0.3199	-6.7849	7.9040	-0.0942
2	0.0263	-0.3353	-0.1231	0.0400	-0.2931	0.0018	0.2120	9.7584	0.3575
0	-0.0253	0.2990	0.0170	0.0392	0.2048	0.0145	-1.1185	9.6837	-1.8385
1	0.2856	0.0704	-0.0405	0.0261	0.0169	0.2614	-6.6368	8.1330	-0.0594
2	0.0252	-0.3490	-0.1273	0.0565	-0.2316	-0.0270	0.2077	9.8800	0.5228
0	-0.0253	0.3071	0.0157	-0.0256	0.0730	-0.0441	-1.0593	9.6062	-1.7982
1	0.2969	0.0696	-0.0412	0.0017	-0.0018	0.1501	-6.6626	8.0633	-0.1680
2	0.0237	-0.3591	-0.1308	0.0109	-0.0986	0.0267	0.3234	9.7084	0.4456
0	-0.0257	0.3125	0.0157	0.0120	0.0774	-0.0079	-1.0645	9.6148	-2.1817
1	0.3027	0.0710	-0.0419	-0.0121	0.0488	0.0692	-6.5657	8.0162	-0.1874
2	0.0244	-0.3640	-0.1322	-0.0000	-0.0736	0.0076	0.2635	9.7051	0.5405
0	-0.0257	0.3188	0.0144	0.0070	0.1152	-0.0321	-0.9936	9.5616	-2.0749
1	0.3077	0.0710	-0.0418	0.0070	-0.0001	0.0900	-6.2914	8.1801	-0.0928
2	0.0237	-0.3701	-0.1349	0.0177	-0.1018	0.0130	0.1652	9.5880	0.7363
0	-0.0251	0.3281	0.0135	0.0084	0.2325	0.0028	-1.0070	9.5625	-2.0661
1	0.3147	0.0718	-0.0429	0.0077	0.0279	0.1458	-6.2533	8.1247	-0.0806
2	0.0231	-0.3785	-0.1375	0.0153	-0.1890	-0.0243	0.1579	9.5890	0.6961
0	-0.0247	0.3442	0.0115	0.0600	0.3752	-0.0319	-1.0318	9.4987	-2.3415
1	0.3252	0.0716	-0.0427	0.0092	0.0190	0.2885	-6.0561	8.1432	-0.0761
2	0.0216	-0.3913	-0.1402	0.0392	-0.3364	-0.0075	0.0968	9.3578	0.8536
0	-0.0249	0.3648	0.0075	0.0805	0.4810	-0.0377	-1.0662	9.6256	-2.4252
1	0.3421	0.0725	-0.0443	0.0525	0.0196	0.4026	-5.9321	8.2145	-0.0722
2	0.0206	-0.4094	-0.1444	0.0707	-0.4372	-0.0011	0.1016	9.4179	1.0031
0	-0.0249	0.3891	0.0035	0.0177	0.3991	-0.0253	-1.1233	9.5024	-2.6342
1	0.3643	0.0741	-0.0473	0.0643	0.0171	0.4842	-5.9446	8.3697	-0.1366
2	0.0192	-0.4343	-0.1500	0.0575	-0.4572	-0.0098	0.2870	9.6447	1.1321
0	-0.0252	0.4049	0.0022	0.0253	0.2517	-0.0178	-1.2759	9.6507	-3.2297
1	0.3862	0.0759	-0.0493	0.0085	0.0485	0.3425	-5.9858	8.6610	-0.3353
2	0.0184	-0.4524	-0.1528	0.0215	-0.2922	0.0004	0.3310	9.8595	1.5416
0	-0.0240	0.4170	0.0011	0.0054	0.1950	0.0356	-1.1398	9.4490	-3.0783
1	0.3988	0.0769	-0.0500	0.0054	0.0117	0.2404	-5.7786	8.8824	-0.2842
2	0.0171	-0.4653	-0.1558	0.0196	-0.2103	-0.0395	0.2765	9.8847	1.7404
0	-0.0224	0.4253	0.0005	0.0169	0.1426	0.0168	-1.0538	9.2592	-3.1419
1	0.4099	0.0753	-0.0489	-0.0312	-0.0101	0.1851	-5.5846	8.8026	-0.2501
2	0.0145	-0.4755	-0.1582	0.0209	-0.1502	-0.0325	0.2041	9.5942	1.7353
0	-0.0196	0.4346	0.0011	-0.0253	0.1685	0.0504	-0.9005	8.9848	-3.0717
1	0.4184	0.0737	-0.0483	-0.0423	-0.0101	0.1632	-5.3998	8.6433	-0.1607
2	0.0119	-0.4836	-0.1603	-0.0091	-0.1606	-0.0758	0.1218	9.4028	1.6105
0	-0.0185	0.4438	0.0020	-0.0204	0.1829	-0.0292	-0.8031	8.9218	-3.2829
1	0.4284	0.0709	-0.0449	-0.0582	0.0127	0.1771	-5.2243	8.4942	-0.1172
2	0.0090	-0.4924	-0.1610	-0.0127	-0.1597	-0.0196	-0.0003	9.0806	1.7695
0	-0.0190	0.4556	0.0011	0.0269	0.2502	-0.0300	-0.8872	9.1387	-3.5242
1	0.4371	0.0711	-0.0441	0.0046	0.0563	0.2020	-5.0169	8.5479	-0.0591
2	0.0086	-0.5028	-0.1627	0.0221	-0.2378	0.0049	-0.1318	9.1276	2.0430
0	-0.0194	0.4704	-0.0016	0.0443	0.3552	-0.0458	-0.9679	9.2992	-3.3509
1	0.4493	0.0724	-0.0452	0.0377	0.0312	0.2584	-4.9494	8.8381	-0.0024
2	0.0080	-0.5161	-0.1663	0.0453	-0.2981	0.0177	-0.1107	9.2618	2.1450
0	-0.0198	0.4888	-0.0049	0.0600	0.3464	-0.0447	-1.0258	9.2060	-3.7442
1	0.4651	0.0740	-0.0476	0.0436	0.0344	0.3750	-4.9874	8.8449	-0.1044
2	0.0073	-0.5338	-0.1706	0.0535	-0.3694	0.0093	0.0141	9.3242	2.1202
0	-0.0196	0.5050	-0.0075	0.0321	0.3915	-0.0235	-0.9766	9.2021	-3.6005
1	0.4825	0.0755	-0.0502	0.0453	0.0200	0.3435	-4.9702	8.9962	-0.1484
2	0.0063	-0.5513	-0.1751	0.0367	-0.3752	-0.0077	0.0692	9.4305	2.2446
0	-0.0198	0.5243	-0.0096	0.0147	0.4011	-0.0187	-1.0241	9.2637	-3.8984
1	0.5005	0.0766	-0.0515	0.0267	0.0434	0.3930	-4.8611	9.0016	-0.1728
2	0.0053	-0.5703	-0.1786	0.0317	-0.3992	0.0089	0.0278	9.2770	2.3853
0	-0.0181	0.5451	-0.0103	0.0195	0.4616	0.0363	-1.0245	8.9944	-4.2184
1	0.5197	0.0779	-0.0521	-0.0307	0.0194	0.4387	-4.6315	9.1517	-0.1750
2	0.0030	-0.5902	-0.1811	0.0234	-0.4114	-0.0655	0.0928	9.3321	2.7516
0	-0.0153	0.5681	-0.0106	0.0108	0.4594	0.0395	-0.9588	8.6459	-4.4919
1	0.5411	0.0762	-0.0496	-0.0545	-0.0104	0.5063	-4.3088	9.2293	-0.2323
2	-0.0008	-0.6107	-0.1827	0.0130	-0.4832	-0.0904	0.0413	9.0864	2.9500
0	-0.0126	0.5908	-0.0103	0.0047	0.4065	0.0294	-0.9353	8.3945	-4.6121
1	0.5639	0.0746	-0.0472	-0.0592	0.0044	0.4488	-4.1108	9.2449	-0.2179
2	-0.0053	-0.6341	-0.1842	0.0024	-0.4146	-0.0893	-0.0161	9.0009	3.1645
0	-0.0121	0.6097	-0.0115	0.0260	0.4003	-0.0068	-0.9690	8.8649	-4.9233
1	0.5844	0.0728	-0.0446	-0.0262	0.0182	0.3977	-3.8714	9.2246	-0.2330
2	-0.0080	-0.6534	-0.1861	0.0136	-0.3832	-0.0115	-0.0991	8.7647	3.3322
0	-0.0100	0.6291	-0.0126	0.0168	0.3874	0.0352	-0.9251	8.6341	-4.8030
1	0.6037	0.0736	-0.0447	-0.0032	0.0106	0.4113	-3.6956	9.4305	-0.1363
2	-0.0105	-0.6722	-0.1890	0.0364	-0.3956	-0.0631	-0.1261	9.0654	3.5502
0	-0.0089	0.6451	-0.0132	-0.0037	0.2893	-0.0145	-0.8651	8.4496	-5.0069
1	0.6220	0.0725	-0.0438	-0.0303	0.0022	0.3806	-3.6636	9.4918	-0.2123
2	-0.0135	-0.6905	-0.1913	0.0109	-0.3242	-0.0235	-0.0705	8.8801	3.5616
0	-0.0075	0.6605	-0.0116	-0.0278	0.3010	0.0837	-0.9783	8.6725	-5.2116
1	0.6380	0.0727	-0.0433	-0.0393	0.0375	0.2746	-3.5547	9.5047	-0.1900
2	-0.0149	-0.7052	-0.1929	-0.0319	-0.2768	-0.0755	-0.1122	8.9629	3.6950
0	-0.0040	0.6793	-0.0086	-0.0318	0.5233	0.0880	-0.7462	8.1809	-5.1927
1	0.6521	0.0712	-0.0396	-0.1293	-0.0145	0.3587	-3.2905	9.6330	-0.1200
2	-0.0192	-0.7211	-0.1922	-0.0429	-0.4299	-0.1404	-0.1731	8.6394	3.8151
0	-0.0011	0.7091	-0.0060	-0.0090	0.7210	0.0900	-0.9753	8.2783	-5.6542
1	0.6771	0.0687	-0.0330	-0.1269	0.0380	0.6187	-2.7808	9.4371	-0.1081
2	-0.0246	-0.7497	-0.1906	-0.0398	-0.6780	-0.1374	-0.3086	8.2326	4.0125
0	0.0024	0.7403	-0.0039	-0.0096	0.6081	0.0796	-0.7749	7.7573	-5.9675
1	0.7101	0.0679	-0.0276	-0.1076	0.0096	0.7216	-2.6520	9.6436	-0.1414
2	-0.0298	-0.7795	-0.1897	-0.0171	-0.6546	-0.1442	-0.2635	8.4430	4.3650
0	0.0041	0.7667	-0.0030	-0.0149	0.4325	-0.0058	-0.7259	7.5025	-6.2725
1	0.7401	0.0664	-0.0235	-0.0740	0.0090	0.5545	-2.5084	9.7298	-0.1679
2	-0.0345	-0.8076	-0.1896	-0.0120	-0.4895	-0.0708	-0.3262	8.2594	4.7511
0	0.0046	0.7846	-0.0029	-0.0131	0.3488	0.0403	-0.8306	7.9305	-6.2419
1	0.7625	0.0668	-0.0218	-0.0271	0.0521	0.4006	-2.1155	9.7638	-0.1605
2	-0.0364	-0.8296	-0.1917	0.0022	-0.3546	-0.0453	-0.3829	8.2414	5.0336
0	0.0058	0.8003	-0.0020	0.0063	0.2515	0.0207	-0.7062	7.7792	-6.5313
1	0.7796	0.0669	-0.0203	-0.0700	0.0197	0.3113	-2.0558	9.8846	-0.1070
2	-0.0387	-0.8453	-0.1930	-0.0012	-0.2492	-0.0366	-0.3983	8.2145	5.0646
0	0.0073	0.8130	-0.0022	-0.0253	0.2396	0.0216	-0.6734	7.6559	-6.1980
1	0.7938	0.0669	-0.0191	-0.0197	-0.0043	0.2586	-1.8400	9.9101	-0.0467
2	-0.0411	-0.8586	-0.1961	0.0160	-0.2407	-0.0394	-0.4352	8.0848	5.1099
0	0.0086	0.8250	-0.0007	-0.0023	0.2131	0.0416	-0.7311	7.3932	-6.7610
1	0.8064	0.0666	-0.0180	-0.0640	0.0281	0.2373	-1.8464	9.8198	-0.1260
2	-0.0429	-0.8704	-0.1978	-0.0108	-0.2278	-0.0636	-0.4153	8.0550	5.1297
0	0.0089	0.8343	-0.0009	0.0036	0.1458	-0.0389	-0.7714	7.3206	-6.8222
1	0.8179	0.0662	-0.0161	-0.0383	0.0223	0.1925	-1.5690	9.9126	-0.1070
2	-0.0448	-0.8810	-0.2002	0.0072	-0.1354	0.0093	-0.4603	7.8610	5.3606
0	0.0106	0.8467	-0.0032	0.0763	0.3324	0.0031	-0.6410	7.2613	-6.5958
1	0.8261	0.0670	-0.0164	0.0118	0.0324	0.1830	-1.4096	9.8678	-0.1632
2	-0.0457	-0.8904	-0.2051	0.0763	-0.2551	-0.0236	-0.5312	7.6613	5.5800
0	0.0126	0.8666	-0.0066	0.0381	0.3458	-0.0256	-0.6261	7.0471	-6.7312
1	0.8428	0.0662	-0.0174	0.0326	-0.0107	0.3926	-1.0618	9.7672	-0.0890
2	-0.0491	-0.9094	-0.2111	0.0585	-0.3840	-0.0073	-0.4838	7.4693	5.3950
0	0.0131	0.8830	-0.0078	0.0006	0.2668	0.0005	-0.7796	7.0973	-7.0003
1	0.8619	0.0668	-0.0194	0.0201	0.0460	0.3061	-1.2157	9.7422	-0.1556
2	-0.0508	-0.9273	-0.2162	0.0142	-0.2969	-0.0170	-0.4355	7.6635	5.5097
0	0.0134	0.8935	-0.0075	-0.0257	0.1798	0.0187	-0.6283	7.0529	-7.1393
1	0.8755	0.0676	-0.0196	-0.0156	0.0276	0.2244	-1.1214	9.8908	-0.1839
2	-0.0519	-0.9403	-0.2194	-0.0077	-0.2012	-0.0256	-0.4230	7.7232	5.7051
0	0.0137	0.9026	-0.0076	-0.0126	0.1618	0.0044	-0.7017	7.1712	-6.8970
1	0.8856	0.0683	-0.0185	-0.0261	0.0286	0.1776	-0.9588	9.9571	-0.1073
2	-0.0528	-0.9501	-0.2224	0.0127	-0.1596	-0.0070	-0.5568	7.5661	5.8465
0	0.0141	0.9132	-0.0057	-0.0244	0.2168	0.0391	-0.7059	6.9214	-7.2782
1	0.8945	0.0688	-0.0178	-0.0618	0.0340	0.1766	-0.9263	9.9069	-0.1320
2	-0.0537	-0.9597	-0.2246	-0.0275	-0.1854	-0.0494	-0.4768	7.5213	5.7965
0	0.0151	0.9267	-0.0047	-0.0102	0.2712	0.0161	-0.6314	6.7174	-7.2395
1	0.9060	0.0691	-0.0149	-0.0584	0.0217	0.2403	-0.5775	9.9053	-0.1501
2	-0.0554	-0.9720	-0.2263	-0.0032	-0.2506	-0.0458	-0.5807	7.2519	6.0112
0	0.0160	0.9422	-0.0044	0.0138	0.3238	0.0244	-0.6934	6.5943	-7.5327
1	0.9209	0.0695	-0.0133	-0.0312	0.0329	0.2983	-0.4529	9.8283	-0.1626
2	-0.0569	-0.9863	-0.2289	0.0014	-0.3097	-0.0445	-0.5553	7.1495	6.0513
0	0.0169	0.9578	-0.0067	0.0395	0.3229	-0.0469	-0.6247	6.5282	-7.4802
1	0.9373	0.0698	-0.0122	0.0046	0.0116	0.3143	-0.2894	9.8219	-0.1493
2	-0.0590	-1.0026	-0.2327	0.0497	-0.2942	0.0164	-0.6220	6.9356	6.2784
0	0.0179	0.9754	-0.0102	0.0715	0.3849	-0.0606	-0.5964	6.1903	-7.7417
1	0.9532	0.0706	-0.0140	0.0331	0.0280	0.3679	-0.0275	9.8064	-0.1514
2	-0.0604	-1.0189	-0.2385	0.0697	-0.3769	0.0088	-0.6113	6.8551	6.3791
0	0.0194	0.9967	-0.0143	0.0527	0.5073	0.0078	-0.7763	6.7553	-7.4228
1	0.9709	0.0713	-0.0164	0.0681	0.0372	0.4212	0.1516	9.8064	-0.1656
2	-0.0623	-1.0387	-0.2456	0.0817	-0.4663	0.0075	-0.6051	6.7191	6.4894
0	0.0213	1.0190	-0.0135	-0.0177	0.4093	0.0374	-0.6336	6.1739	-7.7558
1	0.9950	0.0720	-0.0182	-0.0197	0.0052	0.5111	0.0906	9.8222	-0.2102
2	-0.0655	-1.0624	-0.2490	-0.0020	-0.4541	-0.0863	-0.4314	7.0143	6.2857
0	0.0220	1.0384	-0.0106	-0.0532	0.3823	0.0999	-0.6923	6.3237	-7.9547
1	1.0168	0.0723	-0.0155	-0.0807	0.0271	0.3860	0.0017	9.8495	-0.2530
2	-0.0675	-1.0832	-0.2502	-0.0373	-0.3488	-0.0923	-0.5241	6.9311	6.5818
0	0.0236	1.0558	-0.0063	-0.0442	0.3724	0.0815	-0.4965	5.5040	-8.1015
1	1.0356	0.0731	-0.0104	-0.1524	-0.0128	0.4296	0.4257	9.9398	-0.2029
2	-0.0702	-1.1021	-0.2489	-0.0386	-0.3882	-0.1361	-0.5957	6.6541	6.8479
0	0.0237	1.0741	-0.0030	-0.0405	0.3915	0.0600	-0.5563	5.7008	-8.2254
1	1.0542	0.0733	-0.0052	-0.0996	0.0378	0.3338	0.7336	9.7597	-0.2222
2	-0.0717	-1.1191	-0.2486	-0.0493	-0.3123	-0.0708	-0.7346	6.2713	6.9510
0	0.0242	1.0966	-0.0014	-0.0202	0.5273	0.0452	-0.4991	5.5440	-8.2230
1	1.0722	0.0750	-0.0008	-0.0979	0.0202	0.4674	1.1363	9.6654	-0.1219
2	-0.0732	-1.1395	-0.2493	-0.0193	-0.4814	-0.0630	-0.7800	5.9210	7.0990
0	0.0262	1.1273	-0.0005	0.0465	0.8432	-0.0087	-0.5216	4.9429	-8.1697
1	1.0969	0.0768	0.0028	-0.0962	0.0278	0.6048	1.4218	9.5494	-0.1537
2	-0.0757	-1.1666	-0.2502	0.0143	-0.6782	-0.1048	-0.8005	5.6612	7.1477
0	0.0268	1.1646	-0.0042	-0.0047	0.6225	-0.0380	-0.6428	5.0161	-8.8344
1	1.1324	0.0784	0.0054	-0.0027	0.0568	0.8915	1.7487	9.2995	-0.3390
2	-0.0785	-1.2048	-0.2541	0.0441	-0.8115	0.0093	-0.6639	5.3390	7.3078
0	0.0262	1.1846	-0.0040	-0.0299	0.2359	0.0130	-0.6938	4.9581	-9.2042
1	1.1680	0.0821	0.0056	-0.0865	0.0634	0.5280	1.4416	9.7086	-0.3775
2	-0.0790	-1.2334	-0.2581	-0.0152	-0.3427	-0.0315	-0.5372	6.1722	7.7688
0	0.0262	1.1926	-0.0008	-0.0636	0.0573	0.0821	-0.5457	4.5300	-9.1499
1	1.1851	0.0845	0.0087	-0.0949	-0.0137	0.1847	1.7760	9.8917	-0.3464
2	-0.0796	-1.2454	-0.2602	-0.0424	-0.1050	-0.0965	-0.6279	5.9401	7.8813
0	0.0261	1.1986	0.0013	0.0157	0.2667	0.0351	-0.6098	4.7952	-8.8242
1	1.1907	0.0849	0.0131	-0.0847	0.0017	0.0458	2.1512	9.6329	-0.3699
2	-0.0801	-1.2502	-0.2614	0.0093	-0.1449	-0.0444	-0.7637	5.1896	7.9760
0	0.0277	1.2180	0.0018	-0.0138	0.4015	0.0098	-0.5287	4.3049	-8.6107
1	1.2030	0.0848	0.0151	-0.0468	-0.0110	0.3789	2.6063	9.3750	-0.3256
2	-0.0827	-1.2661	-0.2646	0.0233	-0.3768	-0.0564	-0.7755	4.8629	7.7485
0	0.0269	1.2393	0.0028	-0.0430	0.5485	0.0685	-0.6290	4.6086	-8.8920
1	1.2239	0.0862	0.0178	-0.0616	0.0465	0.4327	2.4152	9.1428	-0.4157
2	-0.0834	-1.2861	-0.2674	-0.0390	-0.4590	-0.0621	-0.6407	4.8794	7.5820
0	0.0273	1.2661	0.0053	-0.0189	0.5486	0.0568	-0.5073	3.9033	-9.2457
1	1.2477	0.0891	0.0224	-0.1380	0.0186	0.6079	2.6313	9.1895	-0.3470
2	-0.0844	-1.3119	-0.2675	-0.0249	-0.5681	-0.1000	-0.7494	4.7994	7.9407
0	0.0287	1.2973	0.0088	-0.0407	0.6684	0.1128	-0.5327	3.5812	-8.9828
1	1.2785	0.0921	0.0288	-0.1209	0.0072	0.6530	2.9140	9.1544	-0.3459
2	-0.0866	-1.3427	-0.2673	-0.0188	-0.6618	-0.1580	-0.7686	4.5309	8.0996
0	0.0271	1.3249	0.0127	-0.0554	0.4303	0.0682	-0.5182	3.5804	-9.7887
1	1.3131	0.0947	0.0370	-0.1538	0.0525	0.5731	3.1306	8.9159	-0.5069
2	-0.0868	-1.3765	-0.2655	-0.0722	-0.4363	-0.0798	-0.7222	4.3153	8.2527
0	0.0273	1.3425	0.0146	-0.0265	0.2813	0.0414	-0.6043	3.5047	-9.5527
1	1.3373	0.0995	0.0441	-0.1053	0.0008	0.4207	3.4534	9.1101	-0.3747
2	-0.0872	-1.3962	-0.2664	-0.0071	-0.3012	-0.0542	-0.8796	4.2715	8.7031
0	0.0272	1.3561	0.0174	-0.0269	0.2337	0.0717	-0.4318	2.9895	-9.7500
1	1.3525	0.1013	0.0479	-0.1041	0.0037	0.2905	3.5486	9.0942	-0.4844
2	-0.0875	-1.4109	-0.2678	-0.0249	-0.2741	-0.1006	-0.7300	4.2461	8.5954
0	0.0272	1.3657	0.0188	-0.0165	0.1655	0.0536	-0.6752	3.4437	-9.5517
1	1.3651	0.1028	0.0526	-0.0740	0.0053	0.1852	3.7104	8.9459	-0.4743
2	-0.0880	-1.4213	-0.2695	-0.0024	-0.1577	-0.0325	-0.8119	3.9042	8.6711
0	0.0274	1.3747	0.0215	-0.0097	0.2120	0.0817	-0.6200	3.1219	-9.5569
1	1.3742	0.1040	0.0555	-0.0831	-0.0202	0.1399	3.7946	8.8679	-0.5366
2	-0.0887	-1.4308	-0.2720	-0.0138	-0.1482	-0.0708	-0.6988	3.8740	8.5649
0	0.0285	1.3896	0.0246	-0.0204	0.3442	0.0858	-0.5223	2.8452	-9.3450
1	1.3854	0.1052	0.0601	-0.0949	-0.0343	0.3029	4.0858	8.6417	-0.5403
2	-0.0903	-1.4433	-0.2734	0.0000	-0.3105	-0.0962	-0.7165	3.4770	8.4529
0	0.0279	1.4032	0.0270	-0.0392	0.2358	0.0521	-0.5726	2.8021	-9.7541
1	1.4021	0.1067	0.0655	-0.1138	-0.0121	0.3432	4.0380	8.4671	-0.5671
2	-0.0908	-1.4596	-0.2743	-0.0285	-0.2278	-0.0508	-0.7341	3.4186	8.5368
0	0.0278	1.4161	0.0287	-0.0434	0.1431	0.0257	-0.4169	2.4191	-9.6814
1	1.4155	0.1097	0.0703	-0.0855	-0.0152	0.2990	4.2610	8.5609	-0.5920
2	-0.0912	-1.4746	-0.2769	-0.0094	-0.1889	-0.0462	-0.7421	3.3937	8.7995
0	0.0274	1.4244	0.0300	0.0055	0.2179	0.0518	-0.4808	2.5251	-9.7506
1	1.4270	0.1118	0.0741	-0.0724	0.0253	0.1549	4.2220	8.5519	-0.5898
2	-0.0908	-1.4832	-0.2799	0.0012	-0.1565	-0.0565	-0.8045	3.4185	8.8055
0	0.0272	1.4337	0.0300	-0.0603	0.0419	0.0092	-0.5845	2.4537	-9.7802
1	1.4376	0.1132	0.0774	-0.0321	0.0116	0.2165	4.5307	8.4487	-0.5434
2	-0.0918	-1.4935	-0.2834	-0.0000	-0.1478	0.0000	-0.7769	3.0842	8.7878
0	0.0252	1.4326	0.0311	-0.0360	-0.0823	0.0186	-0.5028	2.4257	-9.9388
1	1.4428	0.1157	0.0793	-0.0724	0.0223	-0.0762	4.2740	8.4627	-0.6901
2	-0.0902	-1.4964	-0.2876	-0.0302	0.1004	-0.0122	-0.6590	3.4532	8.8629
0	0.0252	1.4334	0.0306	-0.0103	-0.0059	0.0088	-0.5784	2.5876	-9.6031
1	1.4408	0.1172	0.0810	-0.0127	0.0075	-0.0145	4.6074	8.4971	-0.5826
2	-0.0900	-1.4960	-0.2929	0.0322	-0.0033	0.0197	-0.8228	3.0336	8.9041
0	0.0246	1.4342	0.0312	-0.0315	-0.0354	0.0083	-0.5655	2.3119	-9.7665
1	1.4421	0.1178	0.0812	-0.0509	0.0027	-0.0246	4.3909	8.4014	-0.6687
2	-0.0901	-1.4977	-0.2980	-0.0043	0.0214	-0.0047	-0.6179	3.2347	8.6948
0	0.0243	1.4360	0.0308	0.0153	0.1362	0.0060	-0.6452	2.6974	-9.5893
1	1.4422	0.1191	0.0826	-0.0146	0.0097	-0.0586	4.4478	8.3544	-0.6968
2	-0.0897	-1.4981	-0.3033	0.0129	0.0294	0.0075	-0.6981	3.1426	8.8008
0	0.0242	1.4455	0.0309	-0.0702	0.0563	0.0551	-0.7362	2.7323	-9.6317
1	1.4475	0.1200	0.0834	-0.0055	0.0013	0.2143	4.6843	8.3673	-0.6886
2	-0.0906	-1.5067	-0.3086	0.0041	-0.1836	-0.0058	-0.6720	2.9602	8.7091
0	0.0208	1.4437	0.0367	-0.0995	-0.0764	0.1420	-0.5229	2.3047	-9.9421
1	1.4531	0.1222	0.0861	-0.1535	-0.0032	-0.1064	4.0335	8.4878	-0.7170
2	-0.0878	-1.5091	-0.3099	-0.0968	0.1282	-0.1191	-0.5541	3.7585	8.6950
0	0.0188	1.4422	0.0410	-0.0704	-0.0977	0.0632	-0.6809	2.2408	-9.7800
1	1.4494	0.1245	0.0934	-0.1335	-0.0289	-0.0544	4.4800	8.4674	-0.5965
2	-0.0864	-1.5078	-0.3100	-0.0376	0.0803	-0.0350	-0.7847	2.9743	8.9715
0	0.0163	1.4372	0.0427	-0.0434	-0.0989	-0.0079	-0.6430	2.1876	-9.6981
1	1.4463	0.1267	0.0975	-0.1042	0.0121	-0.1529	4.6302	8.3286	-0.7940
2	-0.0844	-1.5040	-0.3137	-0.0220	0.1408	0.0103	-0.6423	2.9106	8.9766
0	0.0146	1.4348	0.0418	-0.0252	-0.0964	-0.0091	-0.7575	2.5509	-9.8431
1	1.4421	0.1291	0.0996	-0.0176	0.0321	-0.1028	4.6452	8.2455	-0.7875
2	-0.0832	-1.5016	-0.3197	-0.0037	0.1013	0.0470	-0.6354	2.9512	8.8023
0	0.0133	1.4317	0.0416	-0.0629	-0.0914	0.0127	-0.6832	2.5581	-9.4538
1	1.4394	0.1300	0.0990	-0.0044	-0.0005	-0.1156	4.4072	8.3773	-0.7302
2	-0.0827	-1.4991	-0.3257	-0.0126	0.1156	0.0209	-0.5682	3.2375	8.6822
0	0.0118	1.4314	0.0422	-0.0299	-0.0640	-0.0064	-0.6629	2.0901	-9.9564
1	1.4361	0.1315	0.0998	-0.0687	0.0305	-0.0515	4.3698	8.3313	-0.7551
2	-0.0811	-1.4979	-0.3303	-0.0124	0.0240	0.0012	-0.5934	3.1281	8.6858
0	0.0096	1.4235	0.0416	-0.0721	-0.2920	0.0312	-0.8353	2.9649	-9.8013
1	1.4350	0.1332	0.1009	0.0011	0.0385	-0.1693	4.5115	8.4081	-0.8025
2	-0.0798	-1.4946	-0.3371	-0.0140	0.2587	0.0499	-0.5443	3.3965	8.9329
0	0.0081	1.4105	0.0432	-0.0140	-0.4049	0.0107	-0.6483	2.4087	-10.0630
1	1.4238	0.1343	0.1009	-0.0666	-0.0186	-0.3202	4.1630	8.7560	-0.7950
2	-0.0782	-1.4820	-0.3423	0.0034	0.3629	0.0156	-0.5735	3.6442	8.9465
0	0.0077	1.3920	0.0433	-0.0444	-0.4594	0.0347	-0.8096	3.0124	-9.4478
1	1.4087	0.1326	0.1003	0.0056	-0.0422	-0.4413	4.2693	8.6634	-0.7373
2	-0.0785	-1.4658	-0.3488	0.0318	0.4628	0.0459	-0.6263	3.4439	8.9296
0	0.0062	1.3711	0.0450	-0.0528	-0.5574	0.0353	-0.7567	2.9478	-9.6074
1	1.3894	0.1304	0.0991	-0.0544	-0.0400	-0.5083	4.0647	8.6136	-0.8426
2	-0.0777	-1.4470	-0.3541	-0.0090	0.5266	0.0336	-0.4579	3.6177	8.6517
0	0.0042	1.3491	0.0477	-0.0906	-0.4948	0.0921	-0.9572	3.5561	-9.2417
1	1.3671	0.1289	0.0988	-0.0522	-0.0431	-0.5613	3.9067	8.6867	-0.8019
2	-0.0764	-1.4251	-0.3595	-0.0271	0.5325	0.0085	-0.4264	3.7870	8.5032
0	0.0017	1.3268	0.0545	-0.0808	-0.5400	0.1072	-0.7107	3.0244	-9.6251
1	1.3456	0.1281	0.1007	-0.1309	-0.0399	-0.4956	3.6204	8.8195	-0.8649
2	-0.0741	-1.4037	-0.3616	-0.0704	0.5084	-0.0595	-0.3803	4.1344	8.3099
0	0.0006	1.3020	0.0561	-0.0221	-0.6340	-0.0235	-0.8132	3.3992	-9.4958
1	1.3212	0.1269	0.1045	-0.0661	-0.0451	-0.5956	3.5417	8.7993	-0.7278
2	-0.0727	-1.3787	-0.3654	0.0150	0.6424	0.0846	-0.6402	3.8385	8.5518
0	0.0004	1.2781	0.0569	-0.0030	-0.4253	0.0562	-0.7966	3.9941	-9.2837
1	1.2959	0.1252	0.1024	0.0024	-0.0199	-0.5705	3.5255	8.9471	-0.7884
2	-0.0719	-1.3547	-0.3730	0.0237	0.4982	0.0252	-0.4538	4.2939	8.3535
0	0.0016	1.2610	0.0570	0.0061	-0.4411	0.0121	-0.7889	4.1861	-9.1589
1	1.2764	0.1224	0.1010	0.0164	-0.0647	-0.4322	3.2466	9.1792	-0.7190
2	-0.0728	-1.3376	-0.3788	0.0575	0.4246	0.0488	-0.5216	4.5094	8.2581
0	0.0026	1.2427	0.0577	0.0124	-0.4379	0.0274	-0.7558	4.0439	-9.2082
1	1.2567	0.1186	0.0971	0.0105	-0.0564	-0.4752	2.8474	9.2518	-0.6719
2	-0.0736	-1.3197	-0.3855	0.0423	0.4605	0.0211	-0.4932	4.8371	8.1178
0	0.0038	1.2263	0.0567	0.0120	-0.3469	-0.0094	-0.7931	4.4069	-9.0000
1	1.2389	0.1152	0.0951	0.0171	-0.0577	-0.4024	2.8569	9.2501	-0.6677
2	-0.0748	-1.3015	-0.3929	0.0638	0.3675	0.0577	-0.5016	4.7126	8.0803
0	0.0048	1.2096	0.0552	0.0344	-0.4753	-0.0008	-0.8607	4.6161	-9.0841
1	1.2233	0.1124	0.0920	0.0447	-0.0305	-0.3998	2.6284	9.3238	-0.6876
2	-0.0754	-1.2853	-0.4016	0.0786	0.4477	0.0756	-0.5095	5.1319	8.0824
0	0.0065	1.1887	0.0551	0.0075	-0.4537	0.0287	-0.7660	4.7989	-8.7865
1	1.2047	0.1089	0.0878	0.0450	-0.0858	-0.4860	2.3391	9.4764	-0.6296
2	-0.0768	-1.2667	-0.4089	0.0616	0.4676	0.0327	-0.4213	5.3313	7.8558
0	0.0085	1.1709	0.0558	0.0194	-0.4303	0.0606	-0.8030	4.9492	-8.6399
1	1.1842	0.1045	0.0850	0.0132	-0.0852	-0.4370	2.1446	9.4530	-0.6070
2	-0.0782	-1.2479	-0.4154	0.0768	0.4434	0.0191	-0.4874	5.3537	7.7253
0	0.0103	1.1524	0.0582	-0.0005	-0.5594	0.0234	-0.6220	4.3775	-8.9610
1	1.1672	0.1002	0.0833	-0.0252	-0.0944	-0.4246	2.0412	9.4449	-0.5619
2	-0.0804	-1.2299	-0.4206	0.0428	0.4749	-0.0147	-0.4878	5.4928	7.5297
0	0.0111	1.1247	0.0567	0.0239	-0.7268	-0.0005	-0.8588	5.4062	-8.5669
1	1.1460	0.0964	0.0819	0.0704	-0.0644	-0.6605	1.8123	9.5015	-0.5818
2	-0.0811	-1.2065	-0.4279	0.0895	0.7158	0.1034	-0.5571	5.6189	7.7852
0	0.0126	1.0973	0.0569	0.0136	-0.5589	0.0288	-0.6489	5.4239	-8.3156
1	1.1154	0.0919	0.0774	0.0237	-0.0947	-0.6744	1.6020	9.7068	-0.5507
2	-0.0816	-1.1766	-0.4363	0.0599	0.6210	0.0415	-0.4371	5.9107	7.4172
0	0.0143	1.0765	0.0569	0.0154	-0.4511	0.0126	-0.6038	5.5630	-8.1233
1	1.0913	0.0878	0.0752	0.0296	-0.0712	-0.5168	1.5327	9.6302	-0.4484
2	-0.0825	-1.1544	-0.4430	0.0708	0.4884	0.0445	-0.5633	5.8759	7.1513
0	0.0152	1.0616	0.0560	0.0170	-0.3449	-0.0138	-0.6685	5.6995	-8.1397
1	1.0731	0.0846	0.0728	0.0304	-0.0540	-0.4145	1.2210	9.5598	-0.3637
2	-0.0832	-1.1357	-0.4506	0.0621	0.3660	0.0683	-0.6062	5.9449	6.9800
0	0.0160	1.0463	0.0548	0.0158	-0.3942	-0.0038	-0.7378	5.9312	-8.0612
1	1.0585	0.0825	0.0699	0.0453	-0.0307	-0.3519	1.1163	9.6241	-0.3623
2	-0.0833	-1.1220	-0.4580	0.0634	0.3734	0.0654	-0.5839	6.2220	6.9713
0	0.0162	1.0289	0.0551	-0.0259	-0.4478	0.0115	-0.7125	6.0142	-7.9450
1	1.0418	0.0801	0.0667	0.0276	-0.0440	-0.4277	0.7329	9.7461	-0.3386
2	-0.0832	-1.1059	-0.4649	0.0306	0.4276	0.0519	-0.4987	6.5280	6.7787
0	0.0162	1.0103	0.0560	-0.0124	-0.4976	0.0141	-0.6522	6.0997	-8.0679
1	1.0233	0.0784	0.0652	-0.0028	-0.0232	-0.4671	0.5503	9.7900	-0.3479
2	-0.0823	-1.0878	-0.4704	0.0234	0.4616	0.0480	-0.5629	6.6750	6.7406
0	0.0159	0.9847	0.0557	-0.0232	-0.7500	-0.0099	-0.7582	6.4548	-7.9385
1	1.0023	0.0765	0.0639	0.0297	-0.0349	-0.5999	0.3955	9.9042	-0.2530
2	-0.0813	-1.0659	-0.4769	0.0375	0.6739	0.1057	-0.6118	6.8435	6.7698
0	0.0169	0.9539	0.0569	-0.0058	-0.6607	0.0592	-0.6447	6.7791	-7.5299
1	0.9724	0.0745	0.0614	0.0178	-0.0633	-0.7742	0.0811	10.0403	-0.2554
2	-0.0798	-1.0356	-0.4837	0.0441	0.7338	0.0455	-0.5376	7.1760	6.5775
0	0.0192	0.9305	0.0581	0.0104	-0.4927	0.0276	-0.6078	6.5838	-7.1515
1	0.9452	0.0704	0.0608	-0.0159	-0.1131	-0.6073	0.0293	9.9830	-0.1887
2	-0.0807	-1.0082	-0.4891	0.0630	0.5567	0.0195	-0.5789	7.0001	6.2856
0	0.0199	0.9109	0.0576	0.0434	-0.5585	-0.0402	-0.6138	6.5149	-7.8280
1	0.9218	0.0659	0.0601	0.0146	-0.0352	-0.4667	-0.1868	9.6937	-0.2499
2	-0.0807	-0.9883	-0.4950	0.0500	0.4848	0.0746	-0.5771	6.9137	6.0093
0	0.0211	0.8881	0.0511	0.1466	-0.5303	-0.1240	-0.6665	7.0974	-7.0724
1	0.9003	0.0638	0.0567	0.1328	-0.0721	-0.5807	-0.3302	9.8988	-0.1142
2	-0.0801	-0.9653	-0.5051	0.1855	0.5668	0.1730	-0.7605	7.1965	6.3381
0	0.0229	0.8723	0.0456	0.0588	-0.2877	-0.0189	-0.5373	7.1991	-6.3141
1	0.8782	0.0608	0.0475	0.1845	-0.0652	-0.4471	-0.5527	9.9696	-0.1524
2	-0.0799	-0.9453	-0.5183	0.1489	0.3517	0.0905	-0.5077	7.4323	5.7389
0	0.0217	0.8626	0.0415	0.0129	-0.2485	-0.1391	-0.5187	6.9077	-6.4636
1	0.8653	0.0582	0.0420	0.0798	-0.0345	-0.2715	-0.9287	9.6712	-0.1557
2	-0.0794	-0.9338	-0.5270	0.0840	0.2562	0.1602	-0.5496	7.1088	5.2425
0	0.0190	0.8566	0.0384	-0.0067	-0.1199	-0.0717	-0.6387	7.1174	-6.7910
1	0.8554	0.0603	0.0364	0.0990	0.0817	-0.2162	-1.0021	9.5071	-0.1394
2	-0.0751	-0.9257	-0.5362	0.0339	0.1266	0.1116	-0.4735	7.4080	5.3096
0	0.0154	0.8494	0.0351	-0.0279	-0.3620	-0.1326	-0.6340	7.1008	-6.9929
1	0.8505	0.0626	0.0331	0.0805	0.0647	-0.1582	-1.0271	9.7127	-0.1450
2	-0.0714	-0.9210	-0.5434	0.0379	0.2526	0.1879	-0.5220	7.5587	5.5364
0	0.0118	0.8323	0.0328	-0.0229	-0.4379	-0.0827	-0.7816	7.6263	-6.7013
1	0.8382	0.0664	0.0282	0.0875	0.0732	-0.4567	-1.3221	9.8912	-0.1509
2	-0.0664	-0.9076	-0.5506	0.0359	0.4297	0.1653	-0.4797	7.9787	5.5822
0	0.0096	0.8124	0.0311	-0.0040	-0.4797	-0.0590	-0.7030	7.7013	-6.5354
1	0.8196	0.0686	0.0242	0.0590	0.0303	-0.4676	-1.4514	10.0275	-0.1444
2	-0.0619	-0.8882	-0.5580	0.0458	0.4729	0.1287	-0.4461	8.1333	5.3632
0	0.0088	0.7961	0.0288	0.0304	-0.3109	-0.0340	-0.8465	7.9419	-6.2000
1	0.8001	0.0689	0.0210	0.0638	-0.0029	-0.4530	-1.6268	10.0157	-0.1036
2	-0.0590	-0.8697	-0.5653	0.0790	0.3797	0.1108	-0.4690	8.0417	5.2493
0	0.0088	0.7869	0.0273	0.0098	-0.2447	-0.0499	-0.6986	7.6269	-6.1360
1	0.7858	0.0681	0.0176	0.0306	-0.0208	-0.2635	-1.6490	9.8596	-0.1761
2	-0.0578	-0.8581	-0.5719	0.0590	0.2510	0.0849	-0.3329	7.9906	4.9484
0	0.0079	0.7779	0.0258	-0.0057	-0.2257	-0.0183	-0.8045	7.8483	-6.2157
1	0.7764	0.0679	0.0152	0.0480	0.0162	-0.2330	-1.8672	9.7082	-0.1751
2	-0.0557	-0.8496	-0.5778	0.0481	0.2233	0.0872	-0.3763	8.0609	4.8869
0	0.0072	0.7653	0.0247	0.0151	-0.4305	-0.0485	-0.7166	7.6895	-6.4164
1	0.7669	0.0681	0.0130	0.0236	0.0040	-0.2646	-1.9331	9.8247	-0.1778
2	-0.0538	-0.8394	-0.5834	0.0562	0.3462	0.1028	-0.3816	8.2265	5.0235
0	0.0068	0.7469	0.0234	0.0052	-0.4278	-0.0158	-0.8079	8.0511	-5.9295
1	0.7504	0.0681	0.0096	0.0730	-0.0081	-0.4718	-2.0810	9.9086	-0.1239
2	-0.0514	-0.8220	-0.5901	0.0585	0.4595	0.0949	-0.4023	8.3542	4.8841
0	0.0065	0.7310	0.0224	-0.0010	-0.4278	-0.0584	-0.6520	7.7776	-5.8779
1	0.7330	0.0672	0.0073	0.0275	-0.0253	-0.3971	-2.2007	9.7996	-0.1278
2	-0.0498	-0.8055	-0.5956	0.0550	0.3850	0.0892	-0.3278	8.2736	4.6255
0	0.0052	0.7137	0.0204	0.0076	-0.3990	-0.0458	-0.7959	8.2793	-5.4834
1	0.7165	0.0668	0.0046	0.0728	0.0092	-0.4509	-2.3928	9.7011	-0.1378
2	-0.0468	-0.7884	-0.6021	0.0732	0.4302	0.1260	-0.3868	8.3186	4.5258
0	0.0048	0.6974	0.0187	0.0767	-0.6043	-0.0663	-0.8049	7.8795	-6.5752
1	0.6994	0.0668	0.0012	0.0420	-0.0089	-0.3993	-2.5422	9.6654	-0.1049
2	-0.0444	-0.7720	-0.6083	0.0899	0.4871	0.1113	-0.3561	8.5311	4.4062
0	0.0050	0.6604	0.0124	0.0279	-0.8532	-0.0176	-0.7335	8.7587	-4.5228
1	0.6775	0.0659	-0.0038	0.1938	-0.0823	-0.7808	-2.7830	9.9605	-0.0209
2	-0.0415	-0.7393	-0.6202	0.1625	0.8878	0.1603	-0.4242	8.8985	4.6340
0	0.0039	0.6279	0.0135	-0.0200	-0.6196	-0.0476	-0.7107	8.7929	-5.1204
1	0.6384	0.0630	-0.0105	-0.0036	-0.0345	-0.7605	-3.1000	9.5546	-0.1142
2	-0.0384	-0.7071	-0.6257	-0.0004	0.7063	0.1214	-0.2261	8.5395	3.5166
0	0.0038	0.6086	0.0128	-0.0133	-0.3649	-0.0061	-0.8952	8.6731	-4.3782
1	0.6089	0.0627	-0.0120	0.0434	-0.0254	-0.4828	-3.2491	9.5619	0.0647
2	-0.0350	-0.6824	-0.6307	0.0624	0.3994	0.0700	-0.3095	8.7819	3.4852
0	0.0014	0.5909	0.0127	-0.0176	-0.5246	-0.1032	-0.7644	8.4261	-4.9733
1	0.5920	0.0616	-0.0135	0.0248	0.0214	-0.4152	-3.7766	9.2764	-0.2322
2	-0.0319	-0.6658	-0.6346	0.0261	0.4567	0.1478	-0.0417	8.8433	3.1565
0	-0.0008	0.5649	0.0073	0.1238	-0.6808	-0.0915	-0.9027	8.8885	-4.3613
1	0.5714	0.0640	-0.0172	0.1486	-0.0006	-0.6063	-3.8946	9.3325	-0.1133
2	-0.0267	-0.6436	-0.6416	0.1600	0.6428	0.1851	-0.3719	9.0656	3.5553
0	-0.0024	0.5360	0.0049	-0.0685	-0.6278	-0.0709	-0.6523	8.9809	-3.7041
1	0.5444	0.0641	-0.0253	0.1183	-0.0615	-0.6678	-4.1752	9.1918	0.0018
2	-0.0225	-0.6159	-0.6506	0.0477	0.6478	0.1516	-0.0542	9.0679	2.5252
0	-0.0045	0.5144	0.0067	-0.0643	-0.4749	0.0047	-0.8569	9.4921	-3.8376
1	0.5171	0.0654	-0.0283	0.0303	0.0591	-0.6116	-4.4565	8.9535	-0.0663
2	-0.0169	-0.5908	-0.6533	-0.0028	0.5164	0.1054	-0.1169	9.1215	2.4020
0	-0.0045	0.4974	0.0103	-0.0773	-0.3871	-0.0119	-0.8392	8.7940	-3.9924
1	0.4954	0.0655	-0.0281	-0.0675	0.0053	-0.4365	-4.4713	9.1898	0.0464
2	-0.0145	-0.5719	-0.6536	-0.0384	0.4084	0.0591	-0.1396	9.1957	2.5473
0	-0.0066	0.4823	0.0120	-0.0608	-0.4120	-0.0491	-0.9019	9.0960	-3.8932
1	0.4795	0.0650	-0.0259	-0.0105	0.0532	-0.3868	-4.4018	9.0804	-0.0906
2	-0.0109	-0.5572	-0.6542	-0.0058	0.3982	0.1193	-0.1117	9.0992	2.6085
0	-0.0082	0.4683	0.0125	-0.0069	-0.2308	-0.0247	-0.9574	9.3504	-3.4671
1	0.4630	0.0665	-0.0266	0.0236	0.0239	-0.4110	-4.6617	9.0698	-0.0884
2	-0.0067	-0.5419	-0.6562	0.0336	0.2998	0.0933	-0.0804	9.2445	2.4693
0	-0.0105	0.4606	0.0119	-0.0170	-0.2663	-0.0939	-0.8679	9.2227	-3.5139
1	0.4530	0.0673	-0.0283	0.0417	0.0308	-0.1837	-4.6702	8.9246	-0.0988
2	-0.0038	-0.5350	-0.6589	0.0326	0.1933	0.1268	-0.0287	9.1870	2.1098
0	-0.0132	0.4478	0.0112	-0.0180	-0.3492	-0.0545	-0.9562	9.5075	-3.3097
1	0.4433	0.0707	-0.0320	0.0827	0.0483	-0.3583	-5.3256	8.9584	-0.0716
2	0.0013	-0.5242	-0.6623	0.0397	0.3533	0.1280	-0.0209	9.7633	2.0202
0	-0.0143	0.4347	0.0120	-0.0527	-0.3440	-0.0179	-0.9065	9.2547	-3.2973
1	0.4288	0.0725	-0.0348	0.0248	0.0153	-0.3418	-5.3159	8.9899	-0.0753
2	0.0048	-0.5117	-0.6648	0.0051	0.3211	0.0822	0.0642	9.6241	1.9298
0	-0.0154	0.4219	0.0133	-0.0338	-0.2770	-0.0360	-0.8837	9.2524	-3.2364
1	0.4153	0.0727	-0.0346	-0.0124	0.0323	-0.3593	-5.2256	8.8527	-0.1040
2	0.0079	-0.4986	-0.6657	0.0036	0.3259	0.0982	0.0207	9.3771	1.9445
0	-0.0168	0.4154	0.0132	-0.0017	-0.2344	-0.0962	-0.8377	8.6330	-3.4629
1	0.4039	0.0735	-0.0347	0.0073	0.0322	-0.1843	-4.9450	8.7144	-0.0768
2	0.0112	-0.4896	-0.6676	0.0313	0.1700	0.1003	-0.0457	9.1079	1.9639
0	-0.0211	0.4050	0.0096	0.0792	-0.2230	-0.1032	-1.0736	9.5996	-3.0830
1	0.3963	0.0763	-0.0373	0.1119	0.0721	-0.2988	-5.0582	8.6621	-0.1132
2	0.0169	-0.4811	-0.6715	0.0958	0.2732	0.1807	-0.0717	9.2286	2.0376
0	-0.0237	0.3964	0.0049	0.0553	-0.3555	-0.1004	-1.0228	9.4669	-2.9293
1	0.3859	0.0813	-0.0451	0.1396	0.0029	-0.2198	-5.3795	8.7519	-0.0813
2	0.0219	-0.4734	-0.6782	0.1214	0.2513	0.1514	0.1170	9.5904	1.6514
0	-0.0260	0.3787	0.0024	0.0179	-0.4732	-0.0676	-1.0538	9.6407	-2.5681
1	0.3734	0.0847	-0.0524	0.1211	0.0072	-0.4252	-5.8858	8.7072	-0.1609
2	0.0273	-0.4582	-0.6843	0.0853	0.4482	0.1413	0.1886	9.8656	1.3764
0	-0.0271	0.3589	0.0016	-0.0037	-0.5053	-0.0386	-1.0283	9.5882	-2.4116
1	0.3536	0.0869	-0.0577	0.0548	-0.0120	-0.4896	-6.0348	8.5614	-0.1597
2	0.0314	-0.4406	-0.6879	0.0568	0.4827	0.1032	0.2328	9.8133	1.1355
0	-0.0278	0.3383	0.0014	0.0064	-0.3986	-0.0219	-1.0607	9.6640	-2.1679
1	0.3335	0.0872	-0.0603	0.0328	-0.0046	-0.5022	-6.1503	8.4365	-0.1725
2	0.0354	-0.4193	-0.6907	0.0518	0.4520	0.0972	0.2178	9.6826	0.9466
0	-0.0292	0.3234	-0.0012	0.0894	-0.3322	-0.1021	-0.9712	9.3732	-2.1831
1	0.3152	0.0871	-0.0625	0.0442	-0.0126	-0.3391	-6.0799	8.2586	-0.1534
2	0.0384	-0.4039	-0.6939	0.0923	0.3344	0.1092	0.1588	9.4364	0.8758
0	-0.0312	0.3165	-0.0062	0.0751	-0.1400	-0.0779	-0.9991	9.4354	-1.9885
1	0.3014	0.0895	-0.0694	0.1454	-0.0260	-0.2364	-6.1236	8.0443	-0.0791
2	0.0431	-0.3925	-0.7005	0.1364	0.1477	0.1073	0.1386	9.3439	0.7040
0	-0.0349	0.3052	-0.0100	0.0435	-0.5308	-0.1315	-1.1629	9.6042	-2.2712
1	0.2954	0.0924	-0.0765	0.1416	0.0020	-0.2620	-6.3339	8.0931	-0.1828
2	0.0480	-0.3851	-0.7064	0.1152	0.4099	0.2003	0.2827	9.7888	0.8658
0	-0.0377	0.2811	-0.0109	-0.0220	-0.4894	-0.0494	-1.1441	9.7578	-1.8167
1	0.2767	0.0974	-0.0849	0.0954	0.0059	-0.5833	-6.6591	8.3092	-0.2624
2	0.0547	-0.3642	-0.7103	0.0385	0.5239	0.1296	0.4380	10.0201	0.6551
0	-0.0406	0.2590	-0.0116	0.0153	-0.5707	-0.0872	-1.1739	9.7819	-1.6634
1	0.2534	0.0997	-0.0888	0.0703	0.0138	-0.5374	-6.5463	8.0923	-0.2287
2	0.0602	-0.3420	-0.7125	0.0735	0.5649	0.1737	0.3023	9.6429	0.5373
0	-0.0426	0.2390	-0.0133	0.0485	-0.4645	-0.1058	-1.0759	9.2054	-1.5541
1	0.2305	0.1034	-0.0949	0.0742	-0.0116	-0.5257	-6.6142	7.9469	-0.1843
2	0.0657	-0.3202	-0.7158	0.0885	0.4563	0.1274	0.3786	9.5584	0.1920
0	-0.0498	0.2190	-0.0193	0.1456	-0.4209	-0.2095	-1.2537	9.6605	-1.1049
1	0.2122	0.1069	-0.1020	0.1837	-0.0074	-0.4699	-6.6210	7.6156	-0.2224
2	0.0731	-0.3020	-0.7209	0.1853	0.4717	0.2626	0.2774	9.2089	0.2124
0	-0.0570	0.2082	-0.0257	0.0664	-0.2777	-0.1866	-1.3311	9.5651	-0.6350
1	0.1959	0.1166	-0.1175	0.2566	-0.0133	-0.3177	-6.6566	7.4624	-0.2387
2	0.0831	-0.2885	-0.7293	0.1845	0.2348	0.2220	0.5274	9.2417	-0.2815
0	-0.0653	0.1851	-0.0263	-0.0645	-0.7936	-0.1836	-1.5348	10.0594	-0.6653
1	0.1857	0.1265	-0.1316	0.1795	0.0734	-0.4050	-7.2308	7.2713	-0.4602
2	0.0930	-0.2751	-0.7333	0.0586	0.6378	0.2977	0.7974	9.7944	-0.5782
0	-0.0695	0.1523	-0.0224	-0.0950	-0.6623	-0.0681	-1.4589	10.0166	-0.3741
1	0.1548	0.1390	-0.1439	0.0573	0.0701	-0.8238	-7.9741	7.5131	-0.4867
2	0.1033	-0.2437	-0.7323	-0.0303	0.7596	0.1912	0.9319	10.3103	-0.8346
0	-0.0718	0.1264	-0.0188	-0.0906	-0.5055	-0.0482	-1.4640	9.9196	0.1947
1	0.1247	0.1442	-0.1482	0.0204	0.0516	-0.5944	-7.6269	7.2702	-0.4063
2	0.1098	-0.2145	-0.7299	-0.0160	0.5378	0.1439	0.7509	9.6316	-1.0286
0	-0.0732	0.1040	-0.0137	-0.1162	-0.4673	-0.0366	-1.4687	9.8288	-0.0024
1	0.1034	0.1479	-0.1500	-0.0238	0.0734	-0.4747	-7.8864	6.8219	-0.4455
2	0.1145	-0.1934	-0.7269	-0.0554	0.4718	0.1215	0.8465	9.5899	-1.4436
0	-0.0738	0.0809	-0.0085	-0.1200	-0.5734	-0.0259	-1.4781	9.8434	0.1464
1	0.0806	0.1504	-0.1493	-0.0423	0.0552	-0.5518	-8.0865	6.8360	-0.4195
2	0.1187	-0.1694	-0.7222	-0.0642	0.5910	0.1138	0.8145	9.8460	-1.3186
0	-0.0736	0.0613	-0.0046	-0.0770	-0.4226	-0.0156	-1.4555	9.6170	0.2101
1	0.0576	0.1518	-0.1488	-0.0303	0.0340	-0.4996	-7.9911	6.7631	-0.4151
2	0.1216	-0.1490	-0.7189	-0.0274	0.4261	0.0795	0.8157	9.5322	-1.4383
0	-0.0741	0.0431	-0.0022	-0.0310	-0.4384	-0.0370	-1.3932	9.6851	0.4898
1	0.0415	0.1523	-0.1484	-0.0149	0.0328	-0.4383	-7.9977	6.5848	-0.4141
2	0.1243	-0.1311	-0.7168	0.0147	0.4443	0.1038	0.7489	9.4895	-1.5305
0	-0.0756	0.0234	-0.0014	-0.0124	-0.4511	-0.0515	-1.4686	9.7198	0.7045
1	0.0232	0.1548	-0.1509	0.0335	0.0123	-0.4352	-8.1731	6.4612	-0.3672
2	0.1285	-0.1121	-0.7162	0.0443	0.4585	0.1172	0.8045	9.5027	-1.7501
0	-0.0773	0.0048	-0.0008	-0.0242	-0.4506	-0.0669	-1.4792	9.6120	0.9965
1	0.0042	0.1590	-0.1566	0.0490	-0.0029	-0.4263	-8.3378	6.2855	-0.4113
2	0.1331	-0.0935	-0.7163	0.0517	0.4175	0.1204	0.8719	9.4341	-2.0910
0	-0.0788	-0.0163	0.0012	-0.0338	-0.5397	-0.0299	-1.5901	9.8357	1.0141
1	-0.0129	0.1642	-0.1629	0.0521	0.0213	-0.5016	-8.5701	6.1142	-0.4373
2	0.1378	-0.0742	-0.7153	0.0059	0.5543	0.1140	0.9899	9.6283	-2.2831
0	-0.0805	-0.0386	0.0019	-0.0360	-0.5900	-0.0883	-1.4163	9.4217	1.6139
1	-0.0346	0.1678	-0.1674	0.0309	-0.0178	-0.4981	-8.7002	6.0551	-0.4265
2	0.1418	-0.0521	-0.7146	0.0522	0.5165	0.1352	0.9165	9.4015	-2.4422
0	-0.0831	-0.0649	0.0049	-0.0503	-0.5225	-0.0538	-1.6568	9.8047	1.7871
1	-0.0578	0.1747	-0.1761	0.0487	0.0154	-0.5920	-8.9026	5.6414	-0.4517
2	0.1480	-0.0255	-0.7127	0.0015	0.6192	0.1539	1.0436	9.2929	-2.8526
0	-0.0850	-0.0812	0.0063	-0.0235	-0.3877	-0.0999	-1.3840	9.3104	1.8675
1	-0.0796	0.1802	-0.1821	0.0227	0.0001	-0.3904	-8.7052	5.4893	-0.4456
2	0.1518	-0.0079	-0.7109	0.0376	0.3420	0.1347	0.9966	9.0007	-2.9124
0	-0.0877	-0.1033	0.0101	-0.1086	-0.6069	-0.0569	-1.7176	9.8782	2.0443
1	-0.0934	0.1878	-0.1901	0.0639	0.0459	-0.4462	-9.0181	5.3373	-0.4428
2	0.1582	0.0114	-0.7081	-0.0312	0.5841	0.1683	1.1121	9.4393	-3.1990
0	-0.0874	-0.1255	0.0138	-0.0587	-0.5048	-0.0490	-1.5459	9.0850	1.9821
1	-0.1167	0.1958	-0.1964	-0.0327	0.0321	-0.5601	-9.4103	5.3961	-0.5245
2	0.1616	0.0352	-0.7039	-0.0169	0.4899	0.1007	1.1844	9.3989	-3.3220
0	-0.0896	-0.1564	0.0174	-0.0811	-0.7544	-0.0565	-1.6558	9.6587	2.4710
1	-0.1403	0.2028	-0.2025	0.0519	0.0364	-0.6462	-9.1668	5.0271	-0.4935
2	0.1664	0.0591	-0.7007	-0.0080	0.7507	0.1778	1.0775	9.0967	-3.3143
0	-0.0894	-0.1787	0.0195	-0.0013	-0.3800	-0.0160	-1.5807	9.3992	2.5710
1	-0.1671	0.2126	-0.2119	-0.0051	0.0227	-0.6451	-9.3670	4.9809	-0.4578
2	0.1705	0.0870	-0.6972	0.0076	0.5080	0.0920	1.1192	9.0056	-3.6794
0	-0.0898	-0.2011	0.0207	-0.0699	-0.6995	-0.0436	-1.5449	9.2802	2.9375
1	-0.1858	0.2185	-0.2183	0.0576	-0.0236	-0.4237	-9.2316	4.7418	-0.4047
2	0.1738	0.1051	-0.6963	0.0270	0.5953	0.1241	1.0981	8.9754	-3.9029
0	-0.0890	-0.2250	0.0227	0.0117	-0.4325	-0.0026	-1.5160	9.1705	2.8408
1	-0.2116	0.2288	-0.2299	-0.0116	0.0068	-0.6419	-9.8108	4.5593	-0.4780
2	0.1774	0.1340	-0.6930	0.0139	0.5324	0.0707	1.1767	9.0085	-4.1315
0	-0.0897	-0.2477	0.0219	-0.0279	-0.7841	-0.0548	-1.4234	8.6508	3.3404
1	-0.2309	0.2350	-0.2376	0.0703	-0.0543	-0.4258	-9.3344	4.2934	-0.3119
2	0.1806	0.1532	-0.6930	0.0688	0.6043	0.1151	0.9983	8.6435	-4.2213
0	-0.0892	-0.2799	0.0247	-0.0321	-0.4694	0.0075	-1.6793	9.2437	3.6902
1	-0.2561	0.2499	-0.2551	0.0236	0.0113	-0.8267	-10.1318	4.0010	-0.4732
2	0.1853	0.1863	-0.6898	-0.0170	0.6830	0.1028	1.3430	8.6869	-4.8132
0	-0.0895	-0.2940	0.0237	0.0203	-0.3977	-0.0555	-1.4469	8.3701	3.7470
1	-0.2825	0.2606	-0.2665	0.0393	-0.0531	-0.3267	-9.4824	3.6578	-0.4353
2	0.1876	0.2056	-0.6888	0.0824	0.3441	0.0810	1.1337	8.0523	-4.8249
0	-0.0912	-0.3141	0.0248	0.0043	-0.3915	-0.0343	-1.6695	9.0947	3.9475
1	-0.2955	0.2732	-0.2806	0.0581	-0.0013	-0.4441	-9.9557	3.4187	-0.4928
2	0.1920	0.2228	-0.6873	0.0375	0.4830	0.1226	1.2892	8.4032	-4.9961
0	-0.0927	-0.3229	0.0233	0.0410	-0.2578	-0.0589	-1.4464	8.4416	4.0109
1	-0.3121	0.2892	-0.2971	0.0562	-0.0294	-0.2442	-9.8578	3.4847	-0.4727
2	0.1960	0.2359	-0.6872	0.1023	0.1610	0.0805	1.2435	8.1633	-5.1121
0	-0.0945	-0.3422	0.0244	-0.0314	-0.5358	-0.0326	-1.6990	9.1889	4.3220
1	-0.3188	0.3041	-0.3132	0.0865	0.0047	-0.4229	-10.2788	3.2926	-0.4889
2	0.2004	0.2480	-0.6862	0.0323	0.5263	0.1489	1.3278	8.5419	-5.3225
0	-0.0935	-0.3563	0.0249	-0.0035	-0.2629	-0.0139	-1.5072	8.4159	4.3446
1	-0.3377	0.3243	-0.3332	-0.0111	-0.0023	-0.3955	-10.2738	3.2671	-0.4798
2	0.2032	0.2678	-0.6838	0.0350	0.2791	0.0508	1.3346	8.1559	-5.5842
0	-0.0943	-0.3762	0.0270	-0.0654	-0.6055	-0.0427	-1.6776	8.8163	4.4214
1	-0.3481	0.3345	-0.3433	0.0534	0.0108	-0.3563	-10.0593	2.9446	-0.4407
2	0.2061	0.2819	-0.6816	0.0088	0.5330	0.1460	1.2492	8.0772	-5.5150
0	-0.0929	-0.3954	0.0280	0.0044	-0.3067	0.0000	-1.5812	8.4094	4.6266
1	-0.3702	0.3631	-0.3707	0.0054	0.0179	-0.5893	-10.4206	3.0107	-0.4754
2	0.2085	0.3052	-0.6779	0.0156	0.4265	0.0508	1.3727	8.2051	-5.6482
0	-0.0938	-0.4034	0.0270	0.0248	-0.2389	-0.0401	-1.4755	8.1344	4.7038
1	-0.3843	0.3789	-0.3870	0.0490	-0.0267	-0.2147	-9.9374	2.6969	-0.4527
2	0.2104	0.3160	-0.6774	0.0746	0.2105	0.0663	1.2393	7.5781	-5.7206
0	-0.0951	-0.4144	0.0272	0.0057	-0.2721	-0.0452	-1.6592	8.4163	5.0034
1	-0.3903	0.3949	-0.4034	0.0617	-0.0042	-0.2668	-10.1548	2.4885	-0.4703
2	0.2139	0.3256	-0.6766	0.0569	0.2983	0.0950	1.3326	7.7874	-5.8940
0	-0.0957	-0.4253	0.0282	-0.0451	-0.3841	-0.0436	-1.5339	8.1064	4.7867
1	-0.3997	0.4173	-0.4253	0.0383	0.0082	-0.2460	-10.3951	2.4425	-0.5522
2	0.2170	0.3365	-0.6745	0.0253	0.2558	0.0851	1.4510	7.8366	-6.1005
0	-0.0944	-0.4469	0.0310	-0.0643	-0.4795	-0.0033	-1.6609	8.5814	5.1692
1	-0.4115	0.4417	-0.4484	-0.0028	0.0397	-0.5434	-10.6584	2.4903	-0.5425
2	0.2193	0.3557	-0.6702	-0.0243	0.5468	0.0983	1.4328	8.1268	-6.0830
0	-0.0932	-0.4590	0.0315	-0.0138	-0.2503	-0.0132	-1.5084	7.9286	5.2732
1	-0.4301	0.4741	-0.4792	-0.0044	-0.0016	-0.3326	-10.3445	2.3405	-0.4723
2	0.2201	0.3710	-0.6676	0.0275	0.2759	0.0515	1.3184	7.5380	-6.2144
0	-0.0922	-0.4746	0.0337	-0.0823	-0.4552	-0.0288	-1.6151	8.0940	5.3459
1	-0.4393	0.4967	-0.5011	0.0254	0.0174	-0.3108	-10.3877	1.9741	-0.4828
2	0.2217	0.3831	-0.6651	-0.0197	0.4141	0.0959	1.4065	7.5780	-6.4732
0	-0.0904	-0.4886	0.0357	-0.0386	-0.2671	0.0039	-1.4701	7.8539	5.3498
1	-0.4539	0.5329	-0.5349	-0.0243	0.0329	-0.3773	-10.5199	1.9419	-0.5346
2	0.2226	0.4011	-0.6605	-0.0028	0.2695	0.0536	1.3997	7.4044	-6.4926
0	-0.0888	-0.5090	0.0391	-0.0927	-0.4756	-0.0312	-1.5825	8.0989	5.6198
1	-0.4649	0.5607	-0.5607	-0.0015	0.0249	-0.4037	-10.4304	1.8317	-0.4454
2	0.2236	0.4169	-0.6567	-0.0395	0.5234	0.1172	1.3632	7.5025	-6.5716
0	-0.0868	-0.5232	0.0409	-0.0612	-0.3587	-0.0079	-1.4076	7.5677	5.5253
1	-0.4826	0.6233	-0.6205	-0.0280	0.0178	-0.3622	-10.4411	1.6932	-0.4500
2	0.2240	0.4349	-0.6522	-0.0095	0.3094	0.0473	1.3531	7.2369	-6.6666
0	-0.0841	-0.5421	0.0438	-0.1125	-0.4907	0.0033	-1.4407	7.6713	6.0056
1	-0.4932	0.6672	-0.6631	-0.0132	0.0227	-0.4239	-10.4569	1.5869	-0.4202
2	0.2242	0.4506	-0.6485	-0.0399	0.4754	0.0766	1.3291	7.2437	-6.7585
0	-0.0803	-0.5600	0.0471	-0.1011	-0.3965	0.0033	-1.3872	7.5942	5.9237
1	-0.5097	0.7497	-0.7432	-0.0616	0.0538	-0.4611	-10.6557	1.3310	-0.4296
2	0.2232	0.4714	-0.6432	-0.0678	0.4329	0.0660	1.3331	7.0145	-7.0688
0	-0.0778	-0.5739	0.0491	-0.0591	-0.3106	0.0166	-1.3861	7.5052	6.1656
1	-0.5238	0.8383	-0.8290	-0.0266	0.0263	-0.3504	-10.4594	1.1506	-0.3173
2	0.2224	0.4867	-0.6392	-0.0168	0.3424	0.0633	1.1918	6.7734	-7.0063
0	-0.0751	-0.5854	0.0508	-0.0561	-0.2418	-0.0038	-1.4295	7.4775	6.1496
1	-0.5335	0.9281	-0.9166	-0.0463	0.0212	-0.3040	-10.4568	1.0078	-0.3122
2	0.2217	0.4993	-0.6358	-0.0302	0.2881	0.0639	1.2518	6.7110	-7.2002
0	-0.0738	-0.5954	0.0521	-0.0619	-0.3410	-0.0187	-1.3525	7.3640	6.3167
1	-0.5414	1.0146	-1.0004	-0.0116	0.0173	-0.1985	-10.4823	0.9001	-0.3740
2	0.2218	0.5087	-0.6329	0.0053	0.2663	0.0751	1.2695	6.7014	-7.2158
0	-0.0707	-0.6072	0.0533	-0.0444	-0.2436	0.0420	-1.3503	7.2344	6.2204
1	-0.5474	1.1341	-1.1174	-0.0394	0.0300	-0.3449	-10.7732	0.8619	-0.3745
2	0.2217	0.5216	-0.6296	-0.0243	0.2855	0.0174	1.3191	6.8554	-7.4267
0	-0.0689	-0.6189	0.0537	-0.0152	-0.3251	-0.0114	-1.2812	7.1734	6.3237
1	-0.5539	1.2563	-1.2379	-0.0176	-0.0101	-0.2661	-10.5701	0.7589	-0.2799
2	0.2210	0.5323	-0.6280	0.0147	0.3322	0.0613	1.1774	6.5628	-7.3226
0	-0.0676	-0.6303	0.0534	-0.0180	-0.2973	0.0269	-1.2618	7.2408	6.4422
1	-0.5576	1.4458	-1.4264	0.0079	-0.0136	-0.3006	-10.5451	0.6090	-0.2467
2	0.2217	0.5446	-0.6261	0.0275	0.2943	0.0439	1.1451	6.4742	-7.4508
0	-0.0658	-0.6417	0.0519	-0.0212	-0.3583	0.0285	-1.1616	6.7685	6.6185
1	-0.5594	1.6350	-1.6151	-0.0140	-0.0304	-0.3000	-10.6054	0.5568	-0.2170
2	0.2220	0.5559	-0.6255	0.0426	0.2886	0.0182	1.1626	6.5106	-7.5247
0	-0.0635	-0.6619	0.0530	-0.0394	-0.5083	0.0205	-1.3280	7.3785	6.4923
1	-0.5589	1.8773	-1.8570	-0.0197	0.0185	-0.4828	-10.8026	0.3169	-0.3105
2	0.2222	0.5714	-0.6237	-0.0174	0.5267	0.0898	1.2139	6.4409	-7.6718
0	-0.0611	-0.6754	0.0498	0.0432	-0.2729	0.0806	-1.1285	6.6576	6.7816
1	-0.5523	2.2030	-2.1816	-0.0273	-0.0746	-0.3813	-10.5996	0.4084	-0.1452
2	0.2222	0.5906	-0.6228	0.0697	0.3085	-0.0450	1.0983	6.3178	-7.6609
0	-0.0597	-0.6933	0.0473	-0.0236	-0.5792	0.0181	-1.2104	6.7016	6.7739
1	-0.5473	2.3385	-2.3199	0.0189	-0.0850	-0.2791	-10.4873	-0.0009	-0.1831
2	0.2228	0.6029	-0.6247	0.0486	0.4673	0.0566	1.1364	5.9497	-7.8306
0	-0.0583	-0.7103	0.0438	0.0636	-0.3332	0.0584	-1.1283	6.3549	7.1296
1	-0.5327	2.5227	-2.5050	-0.0154	-0.0727	-0.5217	-10.7527	-0.0466	-0.2554
2	0.2237	0.6242	-0.6242	0.0873	0.3944	-0.0237	1.1665	6.0597	-7.8765
0	-0.0571	-0.7285	0.0413	-0.0211	-0.5536	0.0408	-1.1299	6.4129	7.3497
1	-0.5215	2.6181	-2.6027	0.0184	-0.0690	-0.3982	-10.6219	-0.3793	-0.2670
2	0.2252	0.6393	-0.6253	0.0457	0.5040	0.0359	1.2083	5.7586	-8.2116
0	-0.0547	-0.7439	0.0394	0.0072	-0.1826	0.0643	-1.1764	6.5312	7.4769
1	-0.5050	2.7236	-2.7085	-0.0242	-0.0326	-0.4694	-10.8416	-0.5537	-0.2628
2	0.2254	0.6599	-0.6243	0.0240	0.3867	0.0136	1.2239	5.6462	-8.3983
0	-0.0537	-0.7500	0.0378	-0.0216	-0.2768	-0.0203	-1.0205	5.8422	7.3441
1	-0.4973	2.7722	-2.7573	-0.0119	-0.0579	-0.1065	-10.4018	-0.7187	-0.2009
2	0.2252	0.6667	-0.6252	0.0449	0.1613	0.0218	1.1380	5.2599	-8.3931
0	-0.0516	-0.7610	0.0377	-0.0123	-0.1977	0.0387	-1.1286	6.2831	7.2525
1	-0.4908	2.7984	-2.7818	-0.0039	0.0180	-0.3001	-10.7579	-0.8439	-0.2433
2	0.2255	0.6773	-0.6232	0.0017	0.2646	0.0222	1.1756	5.5398	-8.4025
0	-0.0501	-0.7725	0.0374	-0.0488	-0.4488	-0.0160	-1.0000	5.9311	7.3906
1	-0.4829	2.8382	-2.8199	-0.0018	-0.0099	-0.2442	-10.4900	-0.7205	-0.1435
2	0.2254	0.6877	-0.6219	0.0111	0.3672	0.0717	1.0846	5.4373	-8.2987
0	-0.0491	-0.7864	0.0370	0.0329	-0.1509	0.0357	-1.1361	6.1961	7.5347
1	-0.4698	2.8780	-2.8572	0.0005	0.0177	-0.4550	-10.6795	-0.8591	-0.1487
2	0.2259	0.7049	-0.6187	0.0366	0.2847	0.0392	1.0391	5.2893	-8.3862
0	-0.0491	-0.7935	0.0350	0.0129	-0.2748	0.0065	-1.0460	5.9286	7.6351
1	-0.4607	2.8989	-2.8769	0.0133	-0.0390	-0.1388	-10.3249	-0.9791	-0.0973
2	0.2270	0.7112	-0.6190	0.0632	0.2271	0.0515	1.0927	5.1163	-8.4995
0	-0.0482	-0.8028	0.0336	0.0018	-0.2191	0.0296	-1.1061	6.0041	7.7278
1	-0.4533	2.9105	-2.8872	0.0057	-0.0186	-0.2690	-10.6401	-1.1518	-0.1819
2	0.2282	0.7209	-0.6180	0.0368	0.2400	0.0281	1.1539	5.1880	-8.6266
0	-0.0467	-0.8116	0.0319	-0.0088	-0.3021	0.0128	-0.9821	5.5582	7.5757
1	-0.4458	2.9289	-2.9047	-0.0172	-0.0322	-0.2019	-10.6050	-1.1861	-0.1724
2	0.2282	0.7288	-0.6179	0.0296	0.2481	0.0201	1.1269	5.1226	-8.6682
0	-0.0458	-0.8229	0.0307	0.0148	-0.2154	0.0352	-1.0854	6.0135	7.8043
1	-0.4361	2.9499	-2.9241	0.0009	0.0006	-0.3397	-10.6058	-1.2827	-0.1514
2	0.2287	0.7408	-0.6164	0.0414	0.3044	0.0383	1.0680	5.0286	-8.6231
0	-0.0447	-0.8322	0.0273	-0.0086	-0.3905	0.0427	-0.9225	5.4772	7.7113
1	-0.4279	2.9633	-2.9367	0.0041	-0.0601	-0.1577	-10.4208	-1.3672	-0.0904
2	0.2295	0.7492	-0.6172	0.0466	0.2709	0.0005	1.0864	5.0208	-8.7740
0	-0.0438	-0.8453	0.0247	0.0477	-0.2269	0.0491	-1.0688	5.7224	8.0510
1	-0.4175	2.9801	-2.9531	-0.0134	-0.0414	-0.4050	-10.7569	-1.4298	-0.1049
2	0.2298	0.7635	-0.6171	0.0683	0.3294	0.0064	1.0354	4.9750	-8.7382
0	-0.0423	-0.8572	0.0227	-0.0362	-0.4691	0.0076	-0.9034	5.1107	7.8709
1	-0.4070	2.9921	-2.9655	-0.0203	-0.0581	-0.1820	-10.3694	-1.5809	-0.1132
2	0.2304	0.7725	-0.6182	0.0272	0.3421	0.0341	1.1281	4.6473	-8.9310
0	-0.0403	-0.8710	0.0208	0.0126	-0.2267	0.0624	-0.9894	5.4443	8.0762
1	-0.3943	3.0092	-2.9809	-0.0224	0.0008	-0.4554	-10.6109	-1.7544	-0.1621
2	0.2303	0.7899	-0.6160	0.0248	0.3450	0.0033	1.1019	4.6492	-8.9342
0	-0.0396	-0.8800	0.0185	-0.0164	-0.3208	-0.0020	-0.8417	4.9242	8.2662
1	-0.3833	3.0258	-2.9968	-0.0042	-0.0510	-0.2063	-10.2796	-1.8912	-0.0549
2	0.2305	0.7986	-0.6166	0.0599	0.2437	0.0331	0.9907	4.3151	-8.9647
0	-0.0382	-0.8916	0.0181	-0.0173	-0.2462	0.0247	-0.9415	5.2428	8.2243
1	-0.3740	3.0332	-3.0023	-0.0052	0.0190	-0.3155	-10.4714	-2.0885	-0.1388
2	0.2310	0.8110	-0.6145	0.0164	0.2863	0.0489	1.1077	4.3109	-9.1364
0	-0.0374	-0.8996	0.0172	0.0123	-0.1850	-0.0134	-0.9231	5.0889	8.0730
1	-0.3647	3.0449	-3.0110	-0.0158	-0.0051	-0.2099	-10.3806	-2.0956	-0.0607
2	0.2310	0.8207	-0.6131	0.0383	0.2022	0.0513	1.0125	4.2083	-9.0778
0	-0.0372	-0.9044	0.0161	-0.0039	-0.1348	0.0059	-0.8949	4.9029	8.2604
1	-0.3584	3.0497	-3.0127	0.0194	-0.0089	-0.1546	-10.2856	-2.1131	-0.0311
2	0.2322	0.8266	-0.6119	0.0403	0.1301	0.0322	1.0232	4.1678	-9.1051
0	-0.0368	-0.9109	0.0163	0.0080	-0.1601	-0.0165	-0.9611	5.2789	8.1018
1	-0.3547	3.0539	-3.0141	-0.0003	0.0249	-0.1811	-10.3434	-2.2288	-0.0753
2	0.2326	0.8321	-0.6099	0.0280	0.2027	0.0865	1.0233	4.1448	-9.1199
0	-0.0374	-0.9162	0.0156	0.0009	-0.2605	-0.0499	-0.7656	4.3956	8.3539
1	-0.3491	3.0578	-3.0139	-0.0001	-0.0061	-0.0984	-10.2880	-2.1450	-0.0052
2	0.2339	0.8369	-0.6083	0.0603	0.1474	0.0535	0.9845	4.1974	-9.0575
0	-0.0353	-0.9282	0.0166	-0.0700	-0.2896	-0.0108	-0.8992	4.8904	8.5210
1	-0.3428	3.0607	-3.0129	-0.0235	0.0682	-0.3300	-10.6178	-2.3933	-0.1019
2	0.2344	0.8481	-0.6042	-0.0257	0.3041	0.0764	1.1837	4.2342	-9.5029
0	-0.0330	-0.9361	0.0172	-0.0265	-0.1198	0.0045	-0.8701	4.8969	8.3417
1	-0.3316	3.0776	-3.0244	-0.0331	0.0706	-0.2512	-10.4506	-2.4878	-0.0811
2	0.2332	0.8576	-0.6006	-0.0091	0.1580	0.0637	1.0529	3.9484	-9.3711
0	-0.0304	-0.9437	0.0176	-0.1181	-0.3058	-0.0170	-0.8503	4.5764	8.7196
1	-0.3269	3.0868	-3.0287	-0.0112	0.0246	-0.0957	-10.2338	-2.4574	0.0237
2	0.2323	0.8624	-0.5982	-0.0407	0.2429	0.0775	0.9887	3.9262	-9.3404
0	-0.0258	-0.9510	0.0194	-0.0686	-0.1928	-0.0024	-0.8448	4.6233	8.2154
1	-0.3174	3.1051	-3.0394	-0.0707	0.1001	-0.1813	-10.4015	-2.6616	-0.0751
2	0.2289	0.8720	-0.5930	-0.0578	0.1426	0.0557	1.0891	3.8621	-9.4110
0	-0.0241	-0.9566	0.0195	0.0056	-0.1391	0.0124	-0.7632	4.5379	8.3053
1	-0.3107	3.1197	-3.0476	-0.0174	0.0340	-0.1829	-10.2288	-2.5215	0.0713
2	0.2272	0.8785	-0.5901	0.0229	0.1330	0.0403	0.8710	3.8630	-9.1248
0	-0.0231	-0.9715	0.0202	-0.0535	-0.5084	-0.0671	-0.7605	4.1632	8.6778
1	-0.3065	3.1231	-3.0474	0.0104	0.0189	-0.2584	-10.2224	-2.6132	0.1238
2	0.2275	0.8876	-0.5880	-0.0053	0.4108	0.1163	0.8996	3.7917	-9.3253
0	-0.0216	-0.9893	0.0224	-0.0461	-0.3748	-0.0131	-0.8632	4.8907	8.7089
1	-0.2891	3.1296	-3.0482	0.0057	0.0964	-0.5691	-10.4519	-2.9836	0.0146
2	0.2270	0.9084	-0.5814	-0.0204	0.4549	0.1324	0.9516	3.5966	-9.5327
0	-0.0194	-1.0096	0.0229	-0.0436	-0.6847	-0.0412	-0.7137	3.9452	8.3387
1	-0.2711	3.1381	-3.0508	-0.0286	0.0534	-0.3905	-10.1540	-2.9180	0.1495
2	0.2260	0.9248	-0.5773	-0.0394	0.5425	0.1351	0.8432	3.5852	-9.4455
0	-0.0188	-1.0307	0.0215	0.0046	-0.2606	0.0324	-0.7651	4.2422	8.9745
1	-0.2443	3.1472	-3.0541	0.0048	0.0003	-0.6009	-10.1669	-3.0988	0.1712
2	0.2256	0.9500	-0.5725	0.0347	0.3955	0.0348	0.8847	3.3014	-9.4464
0	-0.0178	-1.0340	0.0185	0.0271	-0.0726	0.0576	-0.6681	3.7762	8.5754
1	-0.2314	3.1498	-3.0548	-0.0201	-0.0366	-0.1267	-9.7866	-3.3219	0.0686
2	0.2257	0.9589	-0.5732	0.0505	0.0823	-0.0421	0.9447	2.9827	-9.6851
0	-0.0189	-1.0387	0.0146	0.0678	-0.2017	0.0503	-0.6849	3.8087	8.7046
1	-0.2308	3.1500	-3.0542	0.0241	-0.0740	-0.0816	-9.8473	-3.4141	0.1798
2	0.2270	0.9612	-0.5754	0.0992	0.1855	-0.0093	0.7756	3.0849	-9.4294
0	-0.0204	-1.0450	0.0111	0.0567	-0.1279	0.0335	-0.7293	3.7953	9.0225
1	-0.2256	3.1457	-3.0499	0.0215	-0.0675	-0.1942	-9.9242	-3.5093	0.1438
2	0.2294	0.9682	-0.5772	0.0923	0.1606	0.0106	0.8705	2.8460	-9.6552
0	-0.0220	-1.0524	0.0096	0.0293	-0.2815	-0.0398	-0.7137	3.4990	8.9986
1	-0.2213	3.1424	-3.0452	0.0356	-0.0226	-0.1324	-9.8573	-3.6853	0.0482
2	0.2316	0.9737	-0.5771	0.0714	0.2500	0.1016	0.9318	2.7161	-9.7631
0	-0.0220	-1.0613	0.0093	-0.0049	-0.1602	-0.0007	-0.7724	3.6950	9.0016
1	-0.2107	3.1396	-3.0372	0.0283	0.0358	-0.2585	-9.9971	-3.7785	0.0470
2	0.2333	0.9840	-0.5735	0.0330	0.1749	0.0627	0.9766	2.8053	-9.8585
0	-0.0212	-1.0707	0.0091	-0.0243	-0.3136	0.0021	-0.8059	3.6272	8.9808
1	-0.2043	3.1412	-3.0338	0.0210	0.0483	-0.2438	-10.0200	-3.7299	0.0407
2	0.2339	0.9921	-0.5708	0.0143	0.2877	0.0936	0.9834	2.8931	-9.7966
0	-0.0217	-1.0828	0.0092	0.0501	-0.2827	-0.0383	-0.7921	3.5751	8.7611
1	-0.1930	3.1443	-3.0315	0.0270	0.0280	-0.3419	-9.9931	-3.7960	0.0509
2	0.2343	1.0046	-0.5676	0.0663	0.2962	0.0883	0.9150	2.7071	-9.6466
0	-0.0231	-1.0956	0.0086	0.0172	-0.4263	-0.0235	-0.7685	3.3187	8.9095
1	-0.1824	3.1410	-3.0242	0.0620	-0.0051	-0.2701	-9.7321	-3.7774	0.0875
2	0.2365	1.0147	-0.5655	0.0581	0.3132	0.0847	0.9495	2.7008	-9.7143
0	-0.0256	-1.1137	0.0073	0.0724	-0.4703	-0.0080	-0.7255	3.2310	9.0862
1	-0.1671	3.1403	-3.0192	0.0534	-0.0085	-0.4844	-9.9959	-3.9131	0.0394
2	0.2388	1.0333	-0.5621	0.1019	0.4388	0.0869	0.9509	2.5859	-9.7023
0	-0.0277	-1.1303	0.0049	0.0609	-0.2234	0.0096	-0.7777	3.0119	9.2569
1	-0.1479	3.1360	-3.0121	0.0599	-0.0358	-0.4784	-9.7547	-4.0596	0.0623
2	0.2418	1.0511	-0.5602	0.0851	0.3260	0.0270	0.9775	2.3588	-9.8938
0	-0.0306	-1.1345	0.0027	0.0995	-0.1439	-0.0126	-0.7975	2.4530	8.9685
1	-0.1371	3.1323	-3.0064	0.0462	-0.0364	-0.1362	-9.4079	-4.3397	0.0069
2	0.2447	1.0581	-0.5606	0.1123	0.0938	0.0222	0.9764	1.8772	-9.9021
0	-0.0337	-1.1494	0.0050	0.0291	-0.3969	-0.0923	-0.9481	3.1943	9.2275
1	-0.1339	3.1259	-2.9972	0.1198	0.0198	-0.3091	-9.4978	-4.4939	-0.0596
2	0.2483	1.0670	-0.5573	0.0604	0.4096	0.1867	1.0166	1.9418	-9.8630
0	-0.0369	-1.1603	0.0060	0.0496	-0.2036	-0.0530	-0.7357	2.8642	9.5068
1	-0.1168	3.1220	-2.9865	0.0899	0.0159	-0.3566	-9.5097	-4.4814	-0.0706
2	0.2512	1.0824	-0.5518	0.0996	0.2366	0.1084	1.0911	1.9381	-9.9424
0	-0.0382	-1.1690	0.0059	0.0184	-0.3393	-0.0562	-0.8741	2.3666	9.0784
1	-0.1077	3.1180	-2.9772	0.0510	0.0249	-0.1919	-9.4452	-4.6196	-0.0595
2	0.2534	1.0897	-0.5490	0.0494	0.2368	0.0886	1.0777	1.9345	-10.0869
0	-0.0391	-1.1837	0.0066	0.0366	-0.2445	-0.0020	-0.9499	2.8941	9.1972
1	-0.0965	3.1178	-2.9713	0.0571	0.0476	-0.4196	-9.6587	-4.6770	-0.1364
2	0.2545	1.1048	-0.5443	0.0440	0.3361	0.0914	1.1137	1.9088	-9.9527
0	-0.0409	-1.1913	0.0049	0.0203	-0.4326	-0.0333	-0.7452	1.8659	9.1098
1	-0.0846	3.1173	-2.9666	0.0423	-0.0307	-0.1620	-9.2118	-4.6893	-0.0735
2	0.2564	1.1122	-0.5432	0.0833	0.1442	0.0383	1.0847	1.6327	-9.8958
0	-0.0419	-1.2065	0.0048	0.0417	-0.1932	0.0025	-1.0466	2.6444	9.5349
1	-0.0727	3.1160	-2.9611	0.0511	0.0186	-0.4631	-9.5622	-4.8639	-0.1819
2	0.2577	1.1275	-0.5402	0.0555	0.3467	0.0733	1.1416	1.6957	-9.9751
0	-0.0430	-1.2161	0.0040	0.0224	-0.2802	-0.0272	-0.9576	2.4226	9.4277
1	-0.0632	3.1148	-2.9567	0.0400	-0.0008	-0.2418	-9.1815	-5.0098	-0.1885
2	0.2591	1.1374	-0.5386	0.0496	0.3196	0.0919	1.1572	1.3884	-10.0746
0	-0.0439	-1.2224	0.0043	0.0127	-0.0286	0.0031	-1.0607	2.5879	9.5924
1	-0.0531	3.1140	-2.9515	0.0520	0.0044	-0.2075	-9.1739	-5.1435	-0.1784
2	0.2603	1.1469	-0.5363	0.0560	0.1587	0.0777	1.1523	1.1383	-10.1080
0	-0.0432	-1.2179	0.0030	-0.0186	0.1646	0.0255	-0.9328	2.3158	9.4605
1	-0.0508	3.1126	-2.9456	0.0038	-0.0000	0.0288	-8.9713	-5.1911	-0.1875
2	0.2608	1.1462	-0.5362	0.0334	-0.0843	-0.0008	1.1890	1.1114	-10.1722
0	-0.0424	-1.2120	0.0017	-0.0257	-0.1541	-0.0592	-0.7854	1.8842	9.1861
1	-0.0602	3.1134	-2.9420	-0.0269	-0.0007	0.2693	-8.9686	-5.2041	-0.1752
2	0.2605	1.1370	-0.5378	0.0338	-0.0704	0.0317	1.1378	1.1899	-10.0776
0	-0.0415	-1.2105	0.0012	-0.0126	0.1257	0.0116	-0.8851	2.4945	9.3801
1	-0.0618	3.1150	-2.9377	0.0224	0.0685	-0.1307	-9.4276	-5.0196	-0.2219
2	0.2598	1.1385	-0.5356	0.0198	-0.0476	0.0029	1.1780	1.5771	-10.0070
0	-0.0398	-1.1999	-0.0015	-0.0440	0.1910	0.0155	-0.8332	2.0303	9.3607
1	-0.0680	3.1170	-2.9345	-0.0354	-0.0025	0.2438	-9.0642	-4.9284	-0.1376
2	0.2590	1.1291	-0.5376	0.0053	-0.1981	-0.0349	1.1684	1.3561	-10.1498
0	-0.0381	-1.1911	-0.0023	-0.0038	0.2111	0.0157	-0.9949	2.9730	9.2547
1	-0.0800	3.1200	-2.9328	-0.0178	0.0558	0.1684	-9.2302	-5.1046	-0.1751
2	0.2576	1.1203	-0.5381	0.0116	-0.1109	0.0359	1.0810	1.3756	-10.0063
0	-0.0348	-1.1689	-0.0078	-0.0977	0.4270	0.2219	-0.7138	3.1945	9.3153
1	-0.0908	3.1223	-2.9292	-0.0327	0.0073	0.3499	-9.1248	-4.7920	-0.0936
2	0.2565	1.1040	-0.5407	-0.0077	-0.4578	-0.1280	1.1448	1.6829	-10.0418
0	-0.0270	-1.1449	-0.0189	-0.0763	0.5518	0.2483	-0.8157	2.3870	9.1760
1	-0.1144	3.1306	-2.9357	-0.2473	-0.0552	0.5341	-9.4274	-4.4786	0.0398
2	0.2510	1.0801	-0.5508	-0.0450	-0.4972	-0.2770	1.0652	2.1089	-9.9927
0	-0.0222	-1.1215	-0.0235	-0.0782	0.3918	0.0212	-0.7466	2.8796	9.3334
1	-0.1464	3.1449	-2.9505	-0.1114	0.0357	0.5847	-9.3482	-4.6177	-0.1836
2	0.2462	1.0520	-0.5589	-0.0319	-0.4104	-0.0110	1.0077	1.4728	-9.8859
0	-0.0186	-1.1003	-0.0240	-0.0587	0.3614	-0.0161	-0.6552	2.8414	8.9700
1	-0.1678	3.1536	-2.9520	-0.0682	0.0939	0.4202	-9.6529	-4.5471	-0.0812
2	0.2427	1.0325	-0.5592	-0.0224	-0.4295	-0.0040	0.9619	2.0386	-9.9310
0	-0.0174	-1.0843	-0.0221	-0.0218	0.3727	-0.0459	-0.7559	3.6265	8.9640
1	-0.1892	3.1618	-2.9516	-0.0068	0.1216	0.3160	-9.7234	-4.1791	0.0430
2	0.2407	1.0156	-0.5577	-0.0007	-0.3241	0.0641	0.9258	2.3498	-9.7355
0	-0.0175	-1.0621	-0.0217	-0.0139	0.4118	-0.0640	-0.5240	2.9022	8.9789
1	-0.2065	3.1648	-2.9468	0.0149	0.0881	0.4644	-9.6312	-3.8225	0.1169
2	0.2402	0.9954	-0.5567	0.0385	-0.5365	0.0079	0.9065	2.4907	-9.6932
0	-0.0168	-1.0442	-0.0183	-0.0465	0.4321	-0.0407	-0.7852	4.1861	8.9853
1	-0.2295	3.1657	-2.9394	0.0429	0.1589	0.3363	-9.9085	-3.8627	0.0451
2	0.2396	0.9761	-0.5533	-0.0261	-0.3630	0.0810	0.9808	2.7552	-9.8446
0	-0.0162	-1.0200	-0.0166	-0.0359	0.5282	-0.0592	-0.6093	4.0615	8.7544
1	-0.2492	3.1701	-2.9346	0.0037	0.1093	0.4869	-9.9563	-3.5838	0.1531
2	0.2379	0.9533	-0.5514	0.0053	-0.5572	0.0375	0.8912	2.9756	-9.6898
0	-0.0149	-0.9988	-0.0141	-0.0518	0.3957	-0.0573	-0.6153	4.0512	8.7416
1	-0.2742	3.1734	-2.9298	0.0016	0.1346	0.4397	-10.1596	-3.1971	0.1784
2	0.2365	0.9309	-0.5493	-0.0172	-0.4010	0.0617	0.8702	3.3757	-9.5746
0	-0.0136	-0.9793	-0.0110	-0.0367	0.3659	-0.1070	-0.5872	4.3254	8.3656
1	-0.2943	3.1794	-2.9271	-0.0142	0.1471	0.4470	-10.1041	-3.2010	0.1783
2	0.2345	0.9117	-0.5462	-0.0301	-0.4050	0.0811	0.8762	3.2844	-9.5585
0	-0.0148	-0.9588	-0.0091	0.0355	0.6072	-0.0494	-0.5778	4.5843	8.5391
1	-0.3135	3.1839	-2.9223	0.0491	0.1287	0.4151	-10.1473	-2.9245	0.2272
2	0.2344	0.8919	-0.5429	0.0501	-0.5252	0.0439	0.7422	3.5526	-9.3094
0	-0.0175	-0.9369	-0.0039	-0.0285	0.1794	-0.2174	-0.7117	4.4814	8.1015
1	-0.3395	3.1815	-2.9127	0.0545	0.1315	0.6119	-9.9623	-2.7525	0.2806
2	0.2356	0.8664	-0.5402	0.0202	-0.4071	0.1828	0.7574	3.4845	-9.2503
0	-0.0195	-0.9241	-0.0018	0.0543	0.3441	0.0610	-0.8651	5.6275	8.1030
1	-0.3561	3.1724	-2.8923	0.1094	0.1580	0.1464	-10.5212	-2.5171	0.1348
2	0.2376	0.8553	-0.5339	0.0456	-0.2751	0.0210	0.9715	4.5695	-9.1246
0	-0.0204	-0.9094	-0.0043	0.0322	0.2198	-0.0035	-0.6786	5.0902	8.2242
1	-0.3718	3.1695	-2.8858	0.0097	-0.0014	0.3381	-10.4698	-1.8511	0.2575
2	0.2378	0.8375	-0.5371	0.0663	-0.2717	0.0089	0.8837	4.5571	-9.0161
0	-0.0205	-0.8998	-0.0044	-0.0072	0.1768	-0.0303	-0.6775	5.0626	8.3948
1	-0.3859	3.1661	-2.8792	0.0227	0.0600	0.2029	-10.5803	-2.0533	0.1294
2	0.2382	0.8263	-0.5369	0.0177	-0.1587	0.0454	0.8971	4.3532	-9.2172
0	-0.0211	-0.8856	-0.0018	-0.0389	0.2825	-0.1206	-0.6183	4.8335	8.3272
1	-0.3960	3.1666	-2.8747	0.0243	0.0985	0.2460	-10.4158	-2.2934	0.1659
2	0.2380	0.8147	-0.5345	0.0084	-0.3069	0.0982	0.8853	3.9570	-9.3012
0	-0.0208	-0.8708	0.0016	-0.0606	0.3703	-0.0534	-0.7640	5.1982	8.2875
1	-0.4099	3.1637	-2.8639	0.0403	0.1599	0.2891	-10.3595	-2.3372	0.1254
2	0.2380	0.8005	-0.5296	-0.0236	-0.3321	0.0731	0.9025	4.1472	-9.2650
0	-0.0203	-0.8576	0.0068	-0.0885	0.2249	-0.1310	-0.7002	5.5051	8.0639
1	-0.4279	3.1695	-2.8613	0.0137	0.1765	0.2907	-10.4369	-2.0928	0.1272
2	0.2365	0.7842	-0.5245	-0.0477	-0.2304	0.1534	0.9137	4.4070	-9.0659
0	-0.0196	-0.8416	0.0118	-0.0558	0.2987	-0.0906	-0.6498	5.5915	7.7513
1	-0.4400	3.1720	-2.8540	0.0185	0.1809	0.2950	-10.5389	-1.8120	0.1631
2	0.2355	0.7716	-0.5186	-0.0366	-0.3203	0.0954	0.8252	4.7732	-8.9249
0	-0.0202	-0.8289	0.0156	-0.0265	0.2570	-0.0795	-0.7049	5.8708	7.7309
1	-0.4560	3.1756	-2.8488	0.0368	0.1510	0.2468	-10.5726	-1.4237	0.3014
2	0.2350	0.7571	-0.5135	-0.0054	-0.2608	0.1193	0.7217	4.9663	-8.6541
0	-0.0204	-0.8165	0.0180	-0.0276	0.2620	-0.0372	-0.6699	6.0421	7.7889
1	-0.4689	3.1723	-2.8379	0.0299	0.1262	0.2056	-10.5330	-1.2980	0.2833
2	0.2349	0.7451	-0.5097	0.0027	-0.2366	0.0817	0.7666	5.1041	-8.6437
0	-0.0207	-0.7959	0.0183	0.0291	0.4786	-0.0151	-0.7469	5.9681	7.6779
1	-0.4831	3.1734	-2.8327	0.0164	0.0904	0.3403	-10.4872	-1.1972	0.2949
2	0.2343	0.7277	-0.5082	0.0409	-0.4363	0.0159	0.7570	5.0233	-8.6034
0	-0.0222	-0.7792	0.0197	0.0026	0.2042	-0.1061	-0.6617	5.9265	7.3994
1	-0.5043	3.1677	-2.8230	0.0317	0.0862	0.4055	-10.4649	-1.1967	0.2302
2	0.2345	0.7080	-0.5078	0.0267	-0.2725	0.1038	0.7821	5.0764	-8.5463
0	-0.0244	-0.7653	0.0206	0.0452	0.2969	-0.0445	-0.7428	6.1962	7.3271
1	-0.5182	3.1426	-2.7919	0.0642	0.0965	0.2679	-10.6168	-1.0259	0.2217
2	0.2363	0.6956	-0.5049	0.0564	-0.3140	0.0527	0.7679	5.3568	-8.4211
0	-0.0259	-0.7560	0.0212	-0.0118	0.0618	-0.0769	-0.7295	6.2062	7.3301
1	-0.5321	3.1134	-2.7593	0.0607	0.0642	0.2629	-10.6726	-0.7394	0.2540
2	0.2380	0.6815	-0.5041	0.0311	-0.1237	0.0843	0.8576	5.7093	-8.4796
0	-0.0271	-0.7530	0.0231	-0.0083	0.0269	-0.0533	-0.7449	6.4633	7.3159
1	-0.5392	3.0837	-2.7252	0.0573	0.0941	0.0241	-10.8430	-0.6701	0.1929
2	0.2394	0.6775	-0.5008	0.0228	-0.0295	0.0947	0.8117	5.6890	-8.3512
0	-0.0278	-0.7516	0.0246	-0.0082	-0.0448	-0.0598	-0.7447	6.2801	7.2516
1	-0.5417	3.0657	-2.7031	0.0322	0.0717	-0.0008	-10.6653	-0.5839	0.2486
2	0.2400	0.6755	-0.4985	0.0219	0.0090	0.0861	0.8064	5.6724	-8.3049
0	-0.0285	-0.7503	0.0252	0.0178	0.0522	-0.0269	-0.8381	6.4239	7.3421
1	-0.5421	3.0510	-2.6850	0.0434	0.0654	-0.0338	-10.6140	-0.5976	0.2096
2	0.2411	0.6756	-0.4959	0.0335	-0.0069	0.0683	0.8179	5.5788	-8.2690
0	-0.0291	-0.7431	0.0245	0.0130	0.1859	-0.0165	-0.7460	6.4289	7.5317
1	-0.5453	3.0305	-2.6617	0.0274	0.0501	0.0908	-10.5343	-0.6120	0.1867
2	0.2420	0.6705	-0.4950	0.0504	-0.1214	0.0350	0.8629	5.5611	-8.3515
0	-0.0295	-0.7307	0.0247	0.0012	0.1767	-0.0578	-0.6959	6.2728	7.1068
1	-0.5558	2.9912	-2.6197	0.0167	0.0634	0.2408	-10.5417	-0.7077	0.1870
2	0.2421	0.6589	-0.4945	0.0247	-0.2315	0.0578	0.8290	5.4193	-8.4329
0	-0.0308	-0.7222	0.0253	0.0202	0.1612	-0.0359	-0.7936	6.6175	7.1797
1	-0.5660	2.9283	-2.5529	0.0497	0.0805	0.1520	-10.6405	-0.5781	0.2204
2	0.2432	0.6492	-0.4925	0.0483	-0.1520	0.0625	0.7997	5.7627	-8.1969
0	-0.0316	-0.7115	0.0252	0.0087	0.1949	-0.0484	-0.7273	6.3448	7.0280
1	-0.5740	2.8402	-2.4617	0.0321	0.0572	0.2163	-10.6496	-0.3547	0.1809
2	0.2440	0.6390	-0.4921	0.0308	-0.2214	0.0439	0.8795	5.8067	-8.1942
0	-0.0335	-0.7025	0.0259	0.0389	0.1914	-0.0342	-0.8462	6.9537	6.9793
1	-0.5830	2.6946	-2.3127	0.0640	0.0929	0.1243	-10.6381	-0.3050	0.1737
2	0.2453	0.6303	-0.4903	0.0546	-0.1495	0.0906	0.7658	5.8742	-7.9832
0	-0.0350	-0.6902	0.0245	0.0459	0.1782	-0.0399	-0.7039	6.3157	6.8386
1	-0.5898	2.4118	-2.0266	0.0491	0.0291	0.2616	-10.5145	-0.0788	0.2229
2	0.2467	0.6182	-0.4907	0.0761	-0.2657	0.0127	0.8384	5.9974	-7.9807
0	-0.0370	-0.6867	0.0255	0.0030	-0.0108	-0.0434	-0.9646	7.1671	6.9019
1	-0.5945	1.8925	-1.5058	0.0766	0.0745	0.1155	-10.7353	-0.1238	0.1219
2	0.2488	0.6102	-0.4897	0.0251	0.0181	0.1150	0.8882	6.1064	-8.0128
0	-0.0378	-0.6811	0.0247	0.0426	0.1455	-0.0247	-0.8492	6.9333	6.8332
1	-0.5933	1.7842	-1.3942	0.0283	0.0464	0.0371	-10.7973	0.0487	0.1319
2	0.2499	0.6076	-0.4881	0.0612	-0.1192	0.0405	0.8940	6.1871	-7.9017
0	-0.0392	-0.6690	0.0223	0.0723	0.3218	-0.0129	-0.8591	6.7920	6.9126
1	-0.5917	1.4285	-1.0370	0.0505	0.0096	0.2116	-10.5617	0.1418	0.1444
2	0.2511	0.5980	-0.4891	0.0834	-0.2634	0.0048	0.8724	6.1097	-7.8796
0	-0.0415	-0.6582	0.0217	0.0242	0.1145	-0.0496	-0.9196	7.1835	6.6831
1	-0.5836	0.9525	-0.5606	0.0692	0.0355	0.2515	-10.5601	0.0515	0.1166
2	0.2526	0.5840	-0.4905	0.0614	-0.1575	0.0792	0.8866	6.0891	-7.8801
0	-0.0424	-0.6443	0.0198	0.0826	0.4315	-0.0059	-0.8930	6.9916	6.6985
1	-0.5771	0.8284	-0.4346	0.0314	0.0339	0.1717	-10.7100	0.2861	0.1102
2	0.2538	0.5746	-0.4906	0.0720	-0.2868	-0.0097	0.9238	6.3659	-7.7577
0	-0.0464	-0.6260	0.0182	0.0566	0.1301	-0.0924	-0.8103	6.7830	6.3076
1	-0.5632	0.6173	-0.2232	0.0907	0.0063	0.5085	-10.2418	0.2598	0.1229
2	0.2553	0.5539	-0.4936	0.1171	-0.3741	0.0674	0.8054	5.9976	-7.5999
0	-0.0486	-0.6229	0.0184	0.0338	0.0772	-0.0272	-1.0431	7.6481	6.4656
1	-0.5493	0.5580	-0.1623	0.0840	0.0670	0.0333	-10.9199	0.4682	0.0756
2	0.2584	0.5471	-0.4927	0.0494	-0.0026	0.0790	0.9536	6.8405	-7.5191
0	-0.0501	-0.6073	0.0152	0.1218	0.5118	0.0182	-0.9682	7.3914	6.5463
1	-0.5452	0.5545	-0.1572	0.0467	0.0191	0.1743	-10.7015	0.7734	0.0591
2	0.2596	0.5389	-0.4936	0.1004	-0.3194	-0.0113	0.9468	6.6143	-7.4934
0	-0.0531	-0.5864	0.0123	0.0548	0.2551	-0.0736	-0.8968	7.0407	6.1731
1	-0.5273	0.4683	-0.0716	0.0797	-0.0033	0.5606	-10.2948	0.6639	0.0889
2	0.2611	0.5149	-0.4978	0.1172	-0.4285	0.0330	0.8772	6.3427	-7.4829
0	-0.0559	-0.5760	0.0121	0.0571	0.2650	-0.0477	-1.0863	7.8307	6.0918
1	-0.5085	0.4287	-0.0307	0.0919	0.0664	0.2227	-10.7975	0.7632	-0.0358
2	0.2638	0.5013	-0.4978	0.0708	-0.2128	0.0789	1.0019	6.8350	-7.3051
0	-0.0590	-0.5548	0.0089	0.1359	0.5186	-0.0377	-1.0060	7.4165	5.8213
1	-0.4961	0.4145	-0.0146	0.0732	0.0217	0.3749	-10.5407	1.0972	-0.0019
2	0.2657	0.4836	-0.4998	0.1286	-0.4692	0.0048	0.9556	6.8087	-7.0928
0	-0.0642	-0.5376	0.0059	0.0976	0.1007	-0.0926	-1.0484	7.4187	5.6111
1	-0.4733	0.3839	0.0160	0.1477	0.0078	0.4855	-10.2912	1.2654	-0.0195
2	0.2694	0.4601	-0.5035	0.1503	-0.2713	0.0862	0.9432	6.9468	-6.7899
0	-0.0668	-0.5360	0.0054	0.0316	0.0678	-0.0090	-1.2624	8.3601	6.0603
1	-0.4605	0.3955	0.0047	0.1104	0.0525	-0.0312	-10.8658	1.4950	-0.1364
2	0.2735	0.4558	-0.5036	0.0576	0.0272	0.0776	1.1654	7.5399	-6.9505
0	-0.0672	-0.5233	0.0029	0.0702	0.3263	0.0107	-1.0721	7.7324	5.8738
1	-0.4570	0.4000	0.0010	0.0272	0.0162	0.1696	-10.6522	1.5699	-0.1389
2	0.2740	0.4484	-0.5048	0.0799	-0.2995	-0.0076	1.1043	7.1318	-7.0936
0	-0.0683	-0.5180	0.0030	-0.0278	-0.0956	-0.0596	-1.1606	7.9074	5.6046
1	-0.4433	0.3784	0.0230	0.0533	0.0421	0.2166	-10.6334	1.4562	-0.0942
2	0.2748	0.4354	-0.5061	0.0321	-0.0392	0.0866	1.0530	7.2945	-6.9432
0	-0.0673	-0.5175	0.0030	0.0093	0.0391	0.0174	-1.1924	7.9230	5.4876
1	-0.4418	0.3838	0.0200	-0.0014	0.0530	-0.0578	-10.8277	1.6924	-0.1655
2	0.2751	0.4365	-0.5040	0.0088	0.0171	0.0173	1.1405	7.5540	-6.7516
0	-0.0671	-0.5090	0.0010	0.0487	0.2569	0.0101	-1.1136	7.8782	5.6657
1	-0.4397	0.3762	0.0283	0.0193	0.0194	0.0867	-10.3398	1.7656	-0.1362
2	0.2744	0.4306	-0.5049	0.0635	-0.2053	-0.0025	1.0287	7.0691	-6.6585
0	-0.0676	-0.4966	-0.0010	0.0290	0.1994	-0.0129	-1.0920	7.9826	5.5985
1	-0.4289	0.3602	0.0442	0.0395	0.0146	0.2604	-10.2923	1.6156	-0.1132
2	0.2744	0.4179	-0.5068	0.0597	-0.2063	0.0262	1.0152	7.1224	-6.7421
0	-0.0676	-0.4829	-0.0031	0.0552	0.3167	0.0140	-1.1111	8.0818	5.3592
1	-0.4176	0.3477	0.0572	0.0245	0.0273	0.2508	-10.5035	1.7577	-0.1036
2	0.2743	0.4066	-0.5079	0.0606	-0.2771	-0.0069	1.0360	7.3692	-6.6507
0	-0.0687	-0.4689	-0.0053	0.0356	0.1968	-0.0457	-1.0956	7.9043	5.3430
1	-0.4034	0.3304	0.0746	0.0463	0.0057	0.3303	-10.3765	1.9267	-0.0806
2	0.2741	0.3907	-0.5105	0.0790	-0.2793	0.0174	0.9977	7.4159	-6.4680
0	-0.0701	-0.4633	-0.0049	-0.0010	-0.0781	-0.0456	-1.1213	8.1753	4.8877
1	-0.3916	0.3245	0.0811	0.0479	0.0612	0.1310	-10.5909	2.0342	-0.1668
2	0.2751	0.3817	-0.5104	0.0327	-0.0600	0.0728	1.0685	7.6788	-6.4411
0	-0.0701	-0.4650	-0.0047	0.0124	0.0010	-0.0039	-1.1818	8.3766	5.2330
1	-0.3904	0.3297	0.0771	0.0255	0.0404	-0.1175	-10.6482	2.3071	-0.0945
2	0.2759	0.3833	-0.5093	0.0230	0.0821	0.0509	1.0288	7.8819	-6.2612
0	-0.0709	-0.4590	-0.0063	0.0494	0.0994	-0.0343	-1.1191	8.0559	5.2280
1	-0.3905	0.3311	0.0761	0.0361	0.0153	0.0794	-10.2701	2.2281	-0.0761
2	0.2761	0.3802	-0.5097	0.0760	-0.1058	0.0269	0.9703	7.4286	-6.2696
0	-0.0719	-0.4535	-0.0071	0.0294	0.0898	-0.0152	-1.2320	8.3567	5.1111
1	-0.3841	0.3304	0.0763	0.0537	0.0296	0.1065	-10.3204	2.1198	-0.1686
2	0.2770	0.3742	-0.5106	0.0440	-0.0749	0.0470	1.0932	7.5622	-6.3730
0	-0.0726	-0.4461	-0.0087	0.0443	0.1336	-0.0090	-1.1539	8.2167	5.1781
1	-0.3784	0.3296	0.0777	0.0441	0.0194	0.1224	-10.4344	2.2077	-0.1719
2	0.2775	0.3677	-0.5115	0.0716	-0.1329	0.0240	1.0660	7.6530	-6.2918
0	-0.0734	-0.4380	-0.0099	0.0336	0.1608	-0.0343	-1.1900	8.2818	5.0483
1	-0.3707	0.3261	0.0807	0.0374	0.0242	0.1328	-10.3957	2.2375	-0.1617
2	0.2778	0.3596	-0.5126	0.0550	-0.1440	0.0389	1.0691	7.6191	-6.2969
0	-0.0741	-0.4260	-0.0116	0.0565	0.3005	0.0204	-1.2494	8.5906	4.9099
1	-0.3624	0.3231	0.0842	0.0504	0.0422	0.1958	-10.3368	2.3129	-0.1938
2	0.2784	0.3495	-0.5132	0.0649	-0.2621	0.0079	1.0572	7.6653	-6.1861
0	-0.0743	-0.4084	-0.0148	0.0598	0.3564	0.0014	-1.1102	8.3805	4.8507
1	-0.3489	0.3133	0.0943	0.0371	0.0086	0.3315	-10.2231	2.5077	-0.1223
2	0.2779	0.3333	-0.5161	0.0840	-0.3382	0.0014	1.0018	7.7090	-6.0035
0	-0.0758	-0.3903	-0.0175	0.0883	0.3718	-0.0339	-1.0947	8.4491	4.5497
1	-0.3307	0.3014	0.1062	0.0450	0.0176	0.3623	-10.1718	2.5326	-0.1291
2	0.2778	0.3140	-0.5189	0.0887	-0.3602	0.0207	0.9233	7.7212	-5.8680
0	-0.0797	-0.3667	-0.0217	0.1391	0.4541	-0.0765	-1.2483	8.7208	4.5216
1	-0.3126	0.2958	0.1122	0.1019	0.0271	0.4214	-10.1009	2.7613	-0.0818
2	0.2795	0.2927	-0.5222	0.1422	-0.4691	0.0406	0.8915	7.8977	-5.7145
0	-0.0832	-0.3454	-0.0257	0.0801	0.4352	-0.0047	-1.5580	9.2056	4.7306
1	-0.2886	0.2953	0.1126	0.1404	0.0234	0.4624	-10.4538	3.0944	-0.2460
2	0.2828	0.2683	-0.5266	0.1285	-0.4385	0.0317	1.2320	8.4808	-5.8127
0	-0.0823	-0.3242	-0.0283	0.0178	0.3508	0.0253	-1.4539	8.5939	4.0960
1	-0.2673	0.2900	0.1179	0.0141	0.0226	0.4431	-10.6029	3.2345	-0.4836
2	0.2821	0.2475	-0.5294	0.0496	-0.4296	-0.0383	1.4936	8.6177	-5.7596
0	-0.0802	-0.3127	-0.0278	-0.0542	0.1290	0.0194	-1.2191	8.4005	3.7214
1	-0.2491	0.2771	0.1316	-0.0306	0.0417	0.2611	-10.3323	3.3159	-0.5231
2	0.2796	0.2314	-0.5301	-0.0257	-0.1891	-0.0171	1.3064	8.4129	-5.3036
0	-0.0776	-0.3056	-0.0261	-0.0237	0.1200	-0.0119	-0.9988	8.5834	3.5012
1	-0.2416	0.2665	0.1441	-0.0616	0.0707	0.0906	-9.8648	3.3982	-0.2711
2	0.2766	0.2246	-0.5284	-0.0306	-0.1167	0.0057	0.9049	8.1508	-4.9180
0	-0.0778	-0.3002	-0.0255	-0.0032	0.0773	-0.0171	-1.1088	9.1905	3.7732
1	-0.2358	0.2600	0.1526	0.0215	0.0569	0.0934	-9.6207	3.6240	0.0087
2	0.2753	0.2178	-0.5274	0.0268	-0.0742	0.0577	0.7126	8.3234	-4.7176
0	-0.0772	-0.2923	-0.0261	0.0297	0.1639	-0.0067	-1.1122	9.1277	3.8453
1	-0.2307	0.2596	0.1540	0.0119	0.0499	0.1120	-9.8761	3.7958	-0.0221
2	0.2746	0.2114	-0.5277	0.0485	-0.1306	0.0204	0.8082	8.5505	-4.9350
0	-0.0762	-0.2803	-0.0283	0.0317	0.2268	0.0214	-1.2554	8.8233	3.7339
1	-0.2235	0.2579	0.1557	0.0160	0.0386	0.1050	-9.9286	3.7635	-0.0557
2	0.2736	0.2011	-0.5295	0.0568	-0.2375	-0.0230	0.9522	8.5828	-5.0175
0	-0.0767	-0.2696	-0.0296	0.0474	0.1904	-0.0388	-1.2862	8.9711	3.4189
1	-0.2129	0.2518	0.1614	0.0218	0.0320	0.2078	-9.9302	3.7284	-0.2867
2	0.2723	0.1893	-0.5310	0.0541	-0.1955	0.0350	1.0574	8.4226	-4.8202
0	-0.0775	-0.2565	-0.0321	0.0682	0.2973	0.0110	-1.2830	9.2021	3.3492
1	-0.2026	0.2512	0.1620	0.0571	0.0213	0.2146	-9.7332	3.8888	-0.2881
2	0.2727	0.1775	-0.5328	0.0780	-0.2684	-0.0002	1.0104	8.5507	-4.6155
0	-0.0775	-0.2396	-0.0358	0.0878	0.3574	-0.0005	-1.1336	9.0262	3.3235
1	-0.1891	0.2472	0.1650	0.0458	-0.0052	0.3177	-9.6884	4.0892	-0.2086
2	0.2715	0.1599	-0.5368	0.0991	-0.3391	-0.0173	0.9201	8.6360	-4.5541
0	-0.0794	-0.2203	-0.0401	0.1293	0.3935	-0.0286	-1.1918	9.3204	2.9874
1	-0.1718	0.2430	0.1673	0.0812	0.0009	0.3713	-9.6185	4.0820	-0.1397
2	0.2712	0.1417	-0.5407	0.1276	-0.3893	0.0260	0.7840	8.5146	-4.3913
0	-0.0809	-0.1981	-0.0460	0.1185	0.3690	-0.0307	-1.2271	9.1772	2.9891
1	-0.1527	0.2434	0.1650	0.1013	-0.0210	0.4252	-9.5499	4.3358	-0.0936
2	0.2714	0.1195	-0.5465	0.1367	-0.4040	-0.0064	0.8685	8.8500	-4.2887
0	-0.0827	-0.1807	-0.0502	0.1019	0.2951	-0.0466	-1.3121	9.2487	2.6217
1	-0.1335	0.2419	0.1642	0.0917	-0.0015	0.3550	-9.6910	4.4372	-0.2427
2	0.2718	0.1009	-0.5510	0.1112	-0.3474	0.0153	0.9844	8.9578	-4.2294
0	-0.0849	-0.1643	-0.0546	0.0882	0.3194	-0.0056	-1.4130	9.6328	2.8602
1	-0.1167	0.2426	0.1617	0.1146	0.0106	0.2703	-9.6163	4.6668	-0.2997
2	0.2730	0.0831	-0.5555	0.1227	-0.2842	0.0242	0.9836	9.0673	-3.9424
0	-0.0846	-0.1474	-0.0579	0.0722	0.3400	-0.0081	-1.1521	9.0812	2.4509
1	-0.1020	0.2424	0.1600	0.0465	-0.0092	0.3533	-9.4511	4.7513	-0.3181
2	0.2719	0.0661	-0.5595	0.0907	-0.3568	-0.0275	1.0057	8.9518	-3.9283
0	-0.0853	-0.1306	-0.0603	0.0712	0.3080	-0.0454	-1.2574	9.4065	2.1591
1	-0.0854	0.2382	0.1626	0.0454	0.0242	0.3229	-9.2043	4.7699	-0.2111
2	0.2707	0.0487	-0.5624	0.0709	-0.3246	0.0256	0.8005	8.8470	-3.6707
0	-0.0869	-0.1140	-0.0629	0.0573	0.3084	-0.0389	-1.4866	9.6631	2.1991
1	-0.0689	0.2382	0.1626	0.0800	0.0437	0.3042	-9.2486	5.0358	-0.2185
2	0.2710	0.0322	-0.5650	0.0793	-0.3304	0.0329	0.8883	9.1761	-3.5339
0	-0.0874	-0.1013	-0.0638	-0.0032	0.1863	-0.0043	-1.4858	9.6607	1.9926
1	-0.0545	0.2390	0.1621	0.0624	0.0588	0.2446	-9.5055	5.2980	-0.4585
2	0.2713	0.0165	-0.5670	0.0353	-0.2282	0.0300	1.1897	9.5528	-3.4953
0	-0.0869	-0.0927	-0.0636	-0.0123	0.1301	-0.0026	-1.2840	9.5592	1.8719
1	-0.0448	0.2386	0.1637	0.0078	0.0585	0.1355	-9.3441	5.3937	-0.4763
2	0.2704	0.0070	-0.5670	0.0153	-0.1298	0.0263	1.0236	9.3866	-3.2047
0	-0.0864	-0.0860	-0.0635	0.0069	0.1127	-0.0281	-1.3220	9.4873	1.6456
1	-0.0396	0.2383	0.1655	0.0002	0.0716	0.0811	-9.0625	5.3892	-0.3353
2	0.2692	-0.0005	-0.5667	0.0147	-0.1127	0.0389	0.8490	9.1876	-3.0394
0	-0.0858	-0.0754	-0.0642	0.0301	0.2012	-0.0192	-1.1893	9.2799	1.5804
1	-0.0341	0.2387	0.1665	0.0152	0.0523	0.1391	-8.9076	5.4287	-0.2801
2	0.2683	-0.0088	-0.5670	0.0301	-0.1989	-0.0027	0.8436	9.2041	-3.0150
0	-0.0869	-0.0641	-0.0661	0.0586	0.2208	-0.0473	-1.2618	9.5748	1.5953
1	-0.0246	0.2370	0.1683	0.0607	0.0391	0.2066	-8.7994	5.4228	-0.2450
2	0.2676	-0.0199	-0.5686	0.0763	-0.2221	0.0466	0.7314	9.0677	-2.8533
0	-0.0878	-0.0521	-0.0683	0.0420	0.2178	-0.0043	-1.3071	9.8082	1.6875
1	-0.0129	0.2391	0.1659	0.0849	0.0360	0.2023	-8.8637	5.5232	-0.2570
2	0.2680	-0.0333	-0.5713	0.0699	-0.2271	0.0209	0.8302	9.3533	-2.9074
0	-0.0878	-0.0411	-0.0701	0.0362	0.1570	-0.0227	-1.2506	9.6435	1.4068
1	-0.0025	0.2384	0.1658	0.0398	0.0176	0.2024	-9.0254	5.6429	-0.2944
2	0.2670	-0.0446	-0.5732	0.0575	-0.1712	0.0277	0.8572	9.4432	-2.8438
0	-0.0877	-0.0322	-0.0711	0.0171	0.1710	-0.0004	-1.3807	9.7884	1.3637
1	0.0066	0.2382	0.1654	0.0432	0.0337	0.1397	-8.9030	5.7085	-0.3079
2	0.2665	-0.0537	-0.5749	0.0415	-0.1568	0.0262	0.8340	9.3864	-2.7219
0	-0.0846	-0.0196	-0.0714	-0.0182	0.3525	0.1136	-1.4455	9.9881	1.5075
1	0.0145	0.2371	0.1666	-0.0119	0.0303	0.1697	-8.7604	5.7915	-0.3756
2	0.2636	-0.0654	-0.5758	-0.0043	-0.2914	-0.0806	0.9474	9.4640	-2.7029
0	-0.0806	-0.0002	-0.0719	0.0339	0.3162	-0.0024	-1.1522	9.2732	0.7434
1	0.0273	0.2282	0.1759	-0.0839	0.0077	0.3563	-8.6882	5.8410	-0.3949
2	0.2570	-0.0827	-0.5759	0.0151	-0.3610	-0.0581	0.8307	9.2796	-2.4616
0	-0.0804	0.0162	-0.0742	0.0627	0.3822	0.0107	-1.2979	9.9998	1.0194
1	0.0428	0.2228	0.1813	0.0579	0.0327	0.2840	-8.5109	5.9421	-0.3163
2	0.2549	-0.0993	-0.5779	0.0763	-0.3263	0.0068	0.6375	9.3238	-2.1203
0	-0.0791	0.0364	-0.0766	0.0253	0.3777	-0.0041	-1.1844	9.5751	0.7334
1	0.0597	0.2211	0.1824	0.0233	0.0155	0.3877	-8.4387	6.1442	-0.2815
2	0.2523	-0.1186	-0.5808	0.0562	-0.4195	-0.0241	0.7688	9.4800	-2.2091
0	-0.0798	0.0522	-0.0779	0.0628	0.2183	-0.0781	-1.1994	9.4282	0.0991
1	0.0773	0.2183	0.1854	0.0366	0.0499	0.3095	-8.4922	6.2233	-0.3407
2	0.2505	-0.1370	-0.5824	0.0487	-0.2950	0.0263	0.7143	9.5389	-1.9481
0	-0.0831	0.0620	-0.0809	0.0751	0.1455	-0.1002	-1.2800	9.7266	0.2404
1	0.0893	0.2207	0.1829	0.1144	0.0625	0.1540	-8.2446	6.4632	-0.2682
2	0.2523	-0.1491	-0.5853	0.0939	-0.1726	0.1023	0.6065	9.5392	-1.5503
0	-0.0869	0.0714	-0.0850	0.1003	0.1378	-0.0829	-1.3688	9.9380	0.2862
1	0.0967	0.2265	0.1765	0.1309	0.0544	0.1125	-8.1734	6.5436	-0.3213
2	0.2549	-0.1585	-0.5889	0.1184	-0.1521	0.0997	0.6930	9.6086	-1.5406
0	-0.0881	0.0807	-0.0885	0.0675	0.1988	-0.0246	-1.3107	9.7908	0.3815
1	0.1048	0.2318	0.1691	0.1027	0.0170	0.1380	-8.2518	6.5924	-0.3462
2	0.2565	-0.1679	-0.5931	0.0939	-0.1789	0.0360	0.7887	9.7430	-1.6710
0	-0.0889	0.0955	-0.0920	0.0934	0.2679	-0.0409	-1.3921	9.8177	0.1785
1	0.1139	0.2321	0.1667	0.0629	0.0105	0.2449	-8.1316	6.5207	-0.3867
2	0.2558	-0.1814	-0.5971	0.1008	-0.2677	0.0406	0.7366	9.4548	-1.5579
0	-0.0891	0.1122	-0.0949	0.0653	0.4166	-0.0320	-1.3251	9.7442	0.0956
1	0.1298	0.2326	0.1642	0.0631	0.0159	0.2880	-8.0833	6.5782	-0.4136
2	0.2552	-0.1972	-0.6010	0.0653	-0.3289	0.0134	0.8239	9.5698	-1.5771
0	-0.0897	0.1388	-0.0988	0.0998	0.6077	-0.0333	-1.2721	9.6344	-0.2787
1	0.1471	0.2313	0.1650	0.0727	0.0320	0.5027	-7.7952	6.6118	-0.4280
2	0.2538	-0.2194	-0.6043	0.1066	-0.6007	0.0042	0.6826	9.2287	-1.2596
0	-0.0913	0.1656	-0.1030	0.0855	0.4717	-0.0743	-1.3676	9.7744	-0.6621
1	0.1775	0.2297	0.1662	0.1019	0.0345	0.5895	-7.6177	6.8244	-0.3848
2	0.2523	-0.2503	-0.6091	0.1039	-0.5182	0.0476	0.6715	9.5310	-0.9127
0	-0.0935	0.1841	-0.1061	0.0350	0.1651	-0.0644	-1.4360	9.8219	-1.0419
1	0.2015	0.2308	0.1646	0.1047	0.0472	0.3979	-7.7501	7.2659	-0.4770
2	0.2526	-0.2722	-0.6129	0.0688	-0.2840	0.0666	0.7816	10.0195	-0.5470
0	-0.0944	0.1867	-0.1066	0.0002	-0.1160	-0.0301	-1.4073	9.8204	-1.0014
1	0.2137	0.2329	0.1623	0.0582	0.0533	0.0791	-7.7527	7.5300	-0.5265
2	0.2533	-0.2801	-0.6146	0.0246	0.0358	0.0670	0.7731	10.1760	-0.3535
0	-0.0945	0.1841	-0.1068	0.0131	-0.0674	-0.0126	-1.4236	9.8450	-0.7749
1	0.2125	0.2350	0.1597	0.0211	0.0452	-0.1195	-7.6288	7.5251	-0.4763
2	0.2537	-0.2777	-0.6152	0.0299	0.0922	0.0520	0.7088	9.9018	-0.4051
0	-0.0941	0.1842	-0.1073	0.0170	-0.0350	-0.0199	-1.3725	9.6049	-0.7785
1	0.2102	0.2359	0.1575	0.0158	0.0239	-0.0369	-7.3709	7.3136	-0.4768
2	0.2531	-0.2770	-0.6164	0.0336	0.0321	0.0359	0.7456	9.5960	-0.5327
0	-0.0946	0.1844	-0.1081	0.0153	-0.0350	-0.0375	-1.4414	9.7721	-0.7055
1	0.2104	0.2364	0.1555	0.0478	0.0337	-0.0355	-7.3596	7.2183	-0.4948
2	0.2530	-0.2774	-0.6177	0.0427	0.0373	0.0638	0.7106	9.5367	-0.5327
0	-0.0950	0.1861	-0.1088	0.0182	0.0281	-0.0204	-1.4379	9.7846	-0.7906
1	0.2106	0.2379	0.1526	0.0420	0.0336	-0.0180	-7.4366	7.2338	-0.5095
2	0.2534	-0.2782	-0.6190	0.0352	-0.0120	0.0537	0.7708	9.6402	-0.5857
0	-0.0951	0.1885	-0.1093	-0.0025	-0.0325	-0.0397	-1.3425	9.5652	-0.7825
1	0.2126	0.2388	0.1507	0.0293	0.0324	0.0309	-7.4018	7.2852	-0.5164
2	0.2531	-0.2814	-0.6201	0.0303	-0.0136	0.0466	0.7538	9.6420	-0.5365
0	-0.0956	0.1884	-0.1088	-0.0041	-0.0085	-0.0063	-1.5138	10.0653	-0.8444
1	0.2139	0.2401	0.1489	0.0326	0.0668	-0.0490	-7.4469	7.2534	-0.5165
2	0.2537	-0.2817	-0.6204	0.0065	0.0445	0.0630	0.7437	9.6846	-0.5252
0	-0.0943	0.1911	-0.1087	0.0014	0.0085	-0.0113	-1.3233	9.4976	-0.9576
1	0.2140	0.2411	0.1479	-0.0148	0.0252	0.0209	-7.4203	7.4015	-0.4812
2	0.2526	-0.2835	-0.6206	0.0206	-0.0326	0.0193	0.7351	9.6881	-0.4886
0	-0.0941	0.1914	-0.1087	-0.0030	-0.0540	-0.0223	-1.3995	9.7060	-0.8618
1	0.2155	0.2409	0.1474	0.0220	0.0346	-0.0305	-7.3450	7.2817	-0.4835
2	0.2520	-0.2847	-0.6212	0.0239	0.0427	0.0467	0.6719	9.6002	-0.4189
0	-0.0941	0.1921	-0.1086	0.0022	0.0062	-0.0209	-1.4479	9.7389	-0.7983
1	0.2150	0.2417	0.1456	0.0287	0.0341	-0.0363	-7.3454	7.3223	-0.5048
2	0.2518	-0.2846	-0.6218	0.0208	0.0084	0.0380	0.7336	9.6379	-0.4641
0	-0.0942	0.1942	-0.1084	-0.0022	-0.0256	-0.0409	-1.3375	9.6082	-0.8990
1	0.2163	0.2420	0.1444	0.0157	0.0332	0.0232	-7.3286	7.2942	-0.5280
2	0.2512	-0.2868	-0.6224	0.0208	-0.0107	0.0475	0.7519	9.5957	-0.4853
0	-0.0946	0.1933	-0.1078	-0.0198	-0.0722	-0.0264	-1.3852	9.8235	-0.7834
1	0.2173	0.2432	0.1428	0.0243	0.0490	-0.0503	-7.4172	7.3224	-0.4795
2	0.2515	-0.2868	-0.6227	0.0129	0.0665	0.0532	0.6969	9.7607	-0.4495
0	-0.0941	0.1920	-0.1064	-0.0392	-0.0560	0.0071	-1.4025	9.7660	-0.8337
1	0.2158	0.2441	0.1415	0.0015	0.0420	-0.0615	-7.4411	7.3716	-0.4661
2	0.2512	-0.2854	-0.6225	-0.0047	0.0596	0.0334	0.7327	9.7687	-0.4950
0	-0.0935	0.1909	-0.1046	-0.0308	-0.0698	-0.0101	-1.4197	9.6946	-1.0133
1	0.2145	0.2440	0.1417	-0.0198	0.0461	-0.0557	-7.3858	7.3380	-0.5103
2	0.2502	-0.2841	-0.6215	-0.0169	0.0629	0.0332	0.7483	9.6409	-0.4245
0	-0.0932	0.1897	-0.1036	-0.0110	-0.0570	-0.0126	-1.4124	9.7493	-0.9399
1	0.2128	0.2441	0.1419	0.0078	0.0406	-0.0683	-7.2958	7.3781	-0.5032
2	0.2497	-0.2827	-0.6209	0.0065	0.0655	0.0427	0.6975	9.6435	-0.3479
0	-0.0930	0.1892	-0.1034	-0.0165	-0.0394	-0.0158	-1.3832	9.7539	-0.5594
1	0.2118	0.2446	0.1408	0.0255	0.0314	-0.0441	-7.3147	7.3544	-0.4821
2	0.2493	-0.2821	-0.6213	0.0203	0.0453	0.0441	0.7064	9.6285	-0.4353
0	-0.0929	0.1888	-0.1014	-0.0433	-0.0394	-0.0107	-1.4103	9.8299	-0.9465
1	0.2114	0.2452	0.1397	-0.0036	0.0596	-0.0360	-7.4728	7.1999	-0.5114
2	0.2490	-0.2817	-0.6207	-0.0247	0.0411	0.0467	0.7727	9.6379	-0.6719
0	-0.0926	0.1892	-0.1003	-0.0065	-0.0399	-0.0261	-1.3514	9.6204	-0.9499
1	0.2108	0.2458	0.1400	-0.0068	0.0487	-0.0293	-7.4170	7.3374	-0.4746
2	0.2485	-0.2815	-0.6198	0.0062	0.0251	0.0406	0.6707	9.6625	-0.3680
0	-0.0930	0.1895	-0.0998	0.0003	-0.0128	-0.0326	-1.3182	9.6673	-0.8920
1	0.2108	0.2464	0.1391	0.0310	0.0512	-0.0352	-7.2816	7.3542	-0.4475
2	0.2485	-0.2818	-0.6202	0.0177	0.0252	0.0533	0.6568	9.5964	-0.4040
0	-0.0933	0.1920	-0.1004	0.0122	0.0060	-0.0224	-1.3877	9.7597	-0.9300
1	0.2117	0.2477	0.1373	0.0470	0.0425	0.0147	-7.2774	7.3029	-0.4387
2	0.2487	-0.2838	-0.6212	0.0389	-0.0246	0.0470	0.6619	9.6041	-0.4010
0	-0.0938	0.1927	-0.1008	-0.0031	-0.0251	-0.0150	-1.3941	9.9569	-0.7685
1	0.2138	0.2486	0.1354	0.0470	0.0344	-0.0225	-7.3545	7.3800	-0.4676
2	0.2487	-0.2854	-0.6224	0.0341	0.0305	0.0631	0.6974	9.6929	-0.3958
0	-0.0931	0.1934	-0.1004	-0.0002	-0.0205	-0.0086	-1.4250	9.6938	-0.8871
1	0.2141	0.2496	0.1333	0.0088	0.0327	-0.0151	-7.4048	7.3781	-0.4536
2	0.2481	-0.2861	-0.6230	0.0145	0.0245	0.0305	0.7154	9.7444	-0.4936
0	-0.0931	0.1944	-0.1007	0.0036	-0.0223	-0.0084	-1.4575	9.8840	-0.8274
1	0.2148	0.2494	0.1327	0.0280	0.0371	-0.0134	-7.3394	7.3425	-0.5064
2	0.2476	-0.2870	-0.6237	0.0335	0.0177	0.0518	0.7136	9.5916	-0.3771
0	-0.0920	0.1963	-0.1002	-0.0044	0.0423	-0.0086	-1.4044	9.6239	-0.8324
1	0.2155	0.2499	0.1313	0.0059	0.0221	-0.0103	-7.3607	7.3580	-0.5119
2	0.2466	-0.2881	-0.6244	0.0070	-0.0093	0.0142	0.7814	9.6858	-0.5022
0	-0.0922	0.2023	-0.1007	0.0202	0.1184	-0.0347	-1.3407	9.6653	-0.9440
1	0.2178	0.2490	0.1318	0.0245	0.0344	0.0851	-7.2321	7.2464	-0.5044
2	0.2457	-0.2921	-0.6248	0.0373	-0.1104	0.0396	0.6766	9.4328	-0.4336
0	-0.0923	0.2081	-0.1010	-0.0008	0.0805	-0.0034	-1.4024	9.9245	-1.0842
1	0.2241	0.2493	0.1309	0.0387	0.0480	0.1108	-7.2090	7.3079	-0.4579
2	0.2453	-0.2989	-0.6260	0.0235	-0.0991	0.0363	0.6702	9.6192	-0.3729
0	-0.0910	0.2135	-0.1009	0.0112	0.0677	0.0006	-1.3168	9.6247	-1.0705
1	0.2292	0.2490	0.1310	0.0052	0.0245	0.0799	-7.3294	7.5134	-0.4451
2	0.2437	-0.3044	-0.6267	0.0253	-0.0843	0.0053	0.6763	9.8189	-0.2730
0	-0.0908	0.2162	-0.1002	-0.0272	-0.0289	-0.0209	-1.3942	9.7963	-1.2202
1	0.2338	0.2476	0.1317	0.0143	0.0366	0.0420	-7.2707	7.4876	-0.4500
2	0.2424	-0.3083	-0.6271	-0.0010	-0.0011	0.0440	0.6672	9.6806	-0.2653
0	-0.0893	0.2148	-0.0982	-0.0678	-0.1359	0.0527	-1.4050	9.8212	-1.1114
1	0.2347	0.2480	0.1315	-0.0149	0.0380	-0.0485	-7.3055	7.6270	-0.4953
2	0.2413	-0.3078	-0.6261	-0.0302	0.0893	-0.0088	0.7565	9.9668	-0.1969
0	-0.0867	0.2101	-0.0954	-0.0360	-0.1020	0.0285	-1.2985	9.6326	-1.0084
1	0.2311	0.2459	0.1336	-0.0617	0.0224	-0.1480	-7.3959	7.6149	-0.5049
2	0.2387	-0.3027	-0.6240	-0.0329	0.1319	-0.0063	0.7126	9.8326	-0.2599
0	-0.0860	0.2080	-0.0941	-0.0234	-0.0799	-0.0232	-1.2815	9.6320	-1.0421
1	0.2269	0.2438	0.1353	-0.0225	0.0240	-0.0846	-7.1772	7.4032	-0.4254
2	0.2371	-0.2998	-0.6232	0.0017	0.0820	0.0468	0.5434	9.4131	-0.2660
0	-0.0854	0.2066	-0.0932	-0.0153	-0.0696	-0.0112	-1.2893	9.6294	-1.0571
1	0.2247	0.2443	0.1344	0.0041	0.0371	-0.0710	-7.1328	7.3719	-0.3968
2	0.2367	-0.2983	-0.6231	0.0097	0.0676	0.0301	0.5943	9.6103	-0.2330
0	-0.0851	0.2070	-0.0930	0.0137	-0.0004	-0.0137	-1.2470	9.7183	-1.1808
1	0.2234	0.2443	0.1336	0.0198	0.0364	-0.0402	-7.1654	7.4507	-0.4038
2	0.2361	-0.2977	-0.6235	0.0262	0.0160	0.0337	0.5781	9.5966	-0.2241
0	-0.0850	0.2090	-0.0941	0.0262	-0.0208	-0.0365	-1.3100	9.6728	-1.1257
1	0.2246	0.2444	0.1322	0.0390	0.0169	0.0164	-7.0992	7.4840	-0.3503
2	0.2353	-0.2997	-0.6251	0.0502	0.0038	0.0453	0.5316	9.5995	-0.1849
0	-0.0852	0.2102	-0.0951	0.0115	-0.0072	-0.0051	-1.4213	9.9709	-0.8741
1	0.2261	0.2452	0.1296	0.0523	0.0244	-0.0142	-7.1935	7.4720	-0.4215
2	0.2353	-0.3011	-0.6270	0.0473	0.0161	0.0484	0.6329	9.6854	-0.2464
0	-0.0833	0.2109	-0.0940	-0.0526	-0.0489	0.0223	-1.3074	9.6742	-0.8238
1	0.2272	0.2451	0.1280	-0.0108	0.0105	-0.0028	-7.3488	7.4630	-0.4574
2	0.2340	-0.3024	-0.6278	-0.0048	0.0158	-0.0029	0.7434	9.7930	-0.4258
0	-0.0812	0.2096	-0.0913	-0.0409	-0.0701	0.0332	-1.2451	9.7068	-1.1703
1	0.2264	0.2434	0.1298	-0.0499	0.0502	-0.0689	-7.4143	7.3959	-0.4802
2	0.2320	-0.3012	-0.6258	-0.0412	0.0633	-0.0071	0.6641	9.8074	-0.3831
0	-0.0801	0.2082	-0.0898	-0.0282	-0.0684	-0.0191	-1.2824	9.6997	-1.0379
1	0.2241	0.2418	0.1321	-0.0252	0.0378	-0.0734	-7.2972	7.4934	-0.3364
2	0.2302	-0.2994	-0.6244	-0.0046	0.0635	0.0415	0.4896	9.6441	-0.2569
0	-0.0792	0.2073	-0.0884	-0.0193	-0.0681	-0.0032	-1.2459	9.6651	-1.2430
1	0.2222	0.2423	0.1319	-0.0071	0.0462	-0.0595	-7.2122	7.4430	-0.3624
2	0.2295	-0.2983	-0.6238	-0.0089	0.0548	0.0161	0.5793	9.7004	-0.2854
0	-0.0789	0.2066	-0.0886	0.0200	-0.0279	-0.0084	-1.2831	9.7480	-1.0185
1	0.2209	0.2418	0.1319	0.0307	0.0220	-0.0655	-7.2132	7.5359	-0.3557
2	0.2287	-0.2971	-0.6242	0.0401	0.0599	0.0343	0.5220	9.6830	-0.1337
0	-0.0784	0.2086	-0.0892	0.0066	-0.0097	-0.0305	-1.1488	9.4719	-1.0443
1	0.2212	0.2414	0.1300	0.0305	0.0001	0.0180	-7.1222	7.4278	-0.3726
2	0.2275	-0.2986	-0.6259	0.0358	-0.0167	0.0214	0.5695	9.5338	-0.3047
