0	0.0000	0.0000	0.0000	0.0000	0.0000	0.0000	0.0000	0.0000	0.0000
1	0.0000	0.0000	0.0000	0.0000	0.0000	0.0000	0.0000	0.0000	0.0000
3	0.0000	0.0000	0.0000	0.0000	0.0000	0.0000	0.0000	0.0000	0.0000
0	-0.0500	0.0509	0.0626	0.0665	-0.0616	0.0245	-1.6029	9.7475	-0.1380
1	0.0448	0.0708	-0.0218	0.0490	-0.0614	-0.0801	-7.6520	7.0641	-0.9277
2	0.0666	-0.0996	0.0033	0.0949	0.0478	-0.0158	0.8514	9.6294	-0.9745
0	-0.0496	0.0504	0.0627	0.0570	-0.0957	0.0268	-1.6253	9.7049	-0.2799
1	0.0454	0.0707	-0.0223	0.0235	-0.0482	-0.0918	-7.7502	7.0199	-0.9627
2	0.0664	-0.0998	0.0025	0.0677	0.0947	-0.0189	0.8942	9.7003	-1.0657
0	-0.0492	0.0503	0.0625	0.0603	-0.0776	0.0225	-1.6169	9.7002	-0.3089
1	0.0447	0.0702	-0.0219	0.0178	-0.0543	-0.0940	-7.7140	7.0171	-0.9362
2	0.0661	-0.0992	0.0018	0.0718	0.0787	-0.0177	0.8501	9.6043	-1.0078
0	-0.0490	0.0500	0.0626	0.0529	-0.0867	0.0242	-1.5715	9.7122	-0.2813
1	0.0445	0.0698	-0.0216	0.0246	-0.0482	-0.1003	-7.6709	7.0233	-0.9297
2	0.0660	-0.0989	0.0009	0.0703	0.0904	-0.0148	0.8529	9.6230	-0.9886
0	-0.0488	0.0503	0.0624	0.0671	-0.0494	0.0235	-1.5880	9.7965	-0.1839
1	0.0440	0.0696	-0.0214	0.0289	-0.0445	-0.0907	-7.6608	7.0231	-0.8989
2	0.0660	-0.0987	0.0001	0.0815	0.0666	-0.0095	0.7833	9.5807	-0.9768
0	-0.0487	0.0514	0.0630	0.0347	-0.0421	0.0160	-1.5852	9.7576	-0.2058
1	0.0447	0.0695	-0.0216	0.0196	-0.0474	-0.0666	-7.6830	6.9806	-0.8893
2	0.0658	-0.0997	-0.0007	0.0547	0.0537	-0.0085	0.8289	9.5817	-1.1084
0	-0.0485	0.0536	0.0641	0.0332	-0.0242	0.0184	-1.6188	9.6928	-0.2950
1	0.0459	0.0693	-0.0204	0.0013	-0.0292	-0.0343	-7.7006	6.9839	-0.9159
2	0.0657	-0.1013	-0.0004	0.0448	0.0186	-0.0191	0.8408	9.6075	-1.0654
0	-0.0481	0.0558	0.0650	0.0440	-0.0109	0.0461	-1.7196	9.9374	-0.1802
1	0.0480	0.0687	-0.0185	0.0056	-0.0324	-0.0429	-7.7136	7.0567	-0.9276
2	0.0653	-0.1035	-0.0001	0.0550	0.0239	-0.0245	0.8492	9.6941	-1.0066
0	-0.0464	0.0595	0.0663	0.0112	0.0236	0.0524	-1.7371	9.6058	-0.1125
1	0.0502	0.0671	-0.0163	-0.0170	-0.0607	-0.0075	-7.8031	7.0582	-0.9620
2	0.0638	-0.1065	-0.0001	0.0382	-0.0197	-0.0559	0.9622	9.7100	-1.1357
0	-0.0457	0.0606	0.0696	-0.0145	-0.1171	0.0337	-1.6017	9.7858	-0.5205
1	0.0540	0.0640	-0.0117	-0.0374	-0.0155	-0.0195	-7.7511	6.9447	-1.0900
2	0.0623	-0.1097	0.0016	-0.0026	0.0780	-0.0190	0.9934	9.6265	-1.0256
0	-0.0439	0.0581	0.0731	-0.0262	-0.1580	0.0564	-1.2475	9.5662	-0.5196
1	0.0530	0.0631	-0.0078	-0.0449	-0.0134	-0.1384	-7.7147	7.1936	-0.8985
2	0.0614	-0.1078	0.0039	-0.0062	0.1219	-0.0479	0.6982	9.8260	-0.8671
0	-0.0426	0.0496	0.0769	-0.0105	-0.3250	0.0507	-1.5998	9.7277	-0.6913
1	0.0492	0.0609	-0.0032	-0.0453	-0.0011	-0.2451	-7.6621	7.1937	-0.6316
2	0.0601	-0.1023	0.0066	-0.0105	0.2942	-0.0110	0.5464	9.7794	-0.7503
0	-0.0411	0.0394	0.0790	0.0131	-0.2601	0.0517	-1.6330	9.4472	-0.2760
1	0.0392	0.0603	-0.0006	-0.0293	-0.0380	-0.3345	-7.5553	7.2478	-0.8147
2	0.0593	-0.0915	0.0081	0.0373	0.3023	-0.0262	0.7787	9.6395	-0.6893
0	-0.0409	0.0316	0.0803	0.0222	-0.4157	-0.0279	-1.2389	9.0134	-0.5469
1	0.0298	0.0596	0.0011	-0.0171	-0.0199	-0.2387	-7.3621	6.8944	-0.9608
2	0.0590	-0.0843	0.0088	0.0484	0.2213	-0.0005	0.8217	9.1875	-0.9111
0	-0.0426	0.0078	0.0826	-0.0156	-0.7318	-0.0101	-1.2992	9.6416	0.2208
1	0.0160	0.0644	-0.0024	0.0602	0.0301	-0.6319	-7.8078	6.8831	-0.7663
2	0.0622	-0.0673	0.0094	0.0350	0.6779	0.0882	0.5804	9.7201	-0.9729
0	-0.0438	-0.0268	0.0870	-0.0815	-1.1017	-0.0486	-1.4066	9.3218	0.4215
1	-0.0131	0.0717	-0.0078	-0.0037	0.0359	-0.8378	-8.1527	6.7392	-0.6487
2	0.0658	-0.0376	0.0117	-0.0074	0.8955	0.1115	0.6460	9.7518	-1.5213
0	-0.0464	-0.0850	0.0956	-0.1667	-1.4524	-0.0304	-1.7163	10.0823	1.2949
1	-0.0525	0.0825	-0.0153	0.0225	0.1137	-1.2704	-8.7941	6.4849	-0.8872
2	0.0722	0.0101	0.0171	-0.0674	1.3987	0.1911	0.9306	10.0553	-2.0109
0	-0.0456	-0.1400	0.1057	-0.1269	-1.1125	0.0150	-1.6876	10.0699	1.3257
1	-0.1106	0.0992	-0.0263	-0.0946	0.1279	-1.4104	-9.0387	6.2946	-1.0088
2	0.0772	0.0693	0.0255	-0.1056	1.2089	0.1061	1.0763	9.7475	-2.5455
0	-0.0441	-0.1862	0.1130	-0.1365	-1.1860	0.0149	-1.4782	9.0377	1.8748
1	-0.1609	0.1106	-0.0314	-0.0659	0.0651	-1.1464	-8.8026	6.0596	-0.9452
2	0.0796	0.1163	0.0320	-0.0490	1.1381	0.0816	0.9782	9.4946	-2.6160
0	-0.0439	-0.2303	0.1205	-0.0880	-1.0081	-0.0658	-1.4748	9.1781	2.3947
1	-0.2085	0.1223	-0.0394	-0.0733	0.0826	-1.1964	-8.9264	5.2907	-0.9312
2	0.0819	0.1650	0.0388	-0.0489	1.0790	0.1427	0.9229	8.7452	-3.0731
0	-0.0491	-0.2735	0.1272	-0.0394	-0.9847	-0.1161	-1.9019	9.4539	2.6929
1	-0.2515	0.1415	-0.0530	0.0687	0.1220	-0.9697	-8.8836	4.7785	-0.8964
2	0.0884	0.2050	0.0446	0.0391	0.9433	0.2161	0.9808	8.6989	-3.6291
0	-0.0525	-0.3172	0.1317	0.0348	-1.1461	-0.1710	-1.5822	7.7743	2.7083
1	-0.2894	0.1722	-0.0795	0.0704	0.0464	-1.0122	-9.7109	4.6365	-1.0951
2	0.0951	0.2463	0.0488	0.0557	1.0721	0.1405	1.3524	9.1585	-3.9415
0	-0.0639	-0.3635	0.1368	0.0039	-0.9729	-0.2984	-1.7475	8.8687	3.9526
1	-0.3281	0.2095	-0.1154	0.2204	0.0725	-1.0861	-9.5046	4.0514	-1.1539
2	0.1067	0.2918	0.0524	0.1365	1.0930	0.3689	1.1623	7.9473	-4.1827
0	-0.0747	-0.4066	0.1440	0.0606	-1.1764	-0.2506	-1.7674	8.7942	3.0417
1	-0.3646	0.2786	-0.1792	0.2316	0.1944	-0.9578	-9.3842	3.5601	-1.1981
2	0.1215	0.3339	0.0601	0.0735	1.0290	0.3516	1.3546	8.1615	-4.7094
0	-0.0876	-0.4548	0.1442	0.2545	-1.0546	-0.3004	-1.8505	8.6706	4.4326
1	-0.4017	0.3639	-0.2581	0.2954	0.0485	-1.2177	-9.9977	3.7424	-0.8718
2	0.1358	0.3810	0.0642	0.2734	1.2035	0.3372	0.9848	8.5095	-4.5319
0	-0.0984	-0.4927	0.1445	0.0836	-1.0568	-0.1548	-2.1594	8.5282	4.3800
1	-0.4336	0.4789	-0.3744	0.3709	-0.0055	-0.8938	-9.7400	3.0968	-1.0862
2	0.1524	0.4207	0.0643	0.1998	0.8358	0.2359	1.6114	7.9254	-5.6258
0	-0.1052	-0.5425	0.1418	0.2361	-1.0178	-0.0119	-2.3216	8.5733	5.1866
1	-0.4623	0.6089	-0.5055	0.2240	-0.0549	-1.1651	-10.8943	2.9665	-1.5039
2	0.1636	0.4692	0.0656	0.2659	1.1018	0.1166	1.7962	8.6604	-5.6448
0	-0.1066	-0.5861	0.1382	0.0738	-1.1629	0.0286	-2.1718	7.6834	5.5578
1	-0.4903	0.7659	-0.6701	0.1340	-0.1852	-0.9485	-10.5094	2.4261	-1.5499
2	0.1708	0.5122	0.0611	0.1612	1.0717	0.0437	2.1155	7.7405	-6.4288
0	-0.1052	-0.6333	0.1362	0.0740	-1.1692	0.0680	-2.1551	7.1709	5.6513
1	-0.5139	0.9305	-0.8409	0.0470	-0.1227	-1.0693	-10.6810	1.6159	-1.6932
2	0.1736	0.5586	0.0599	0.1374	1.0666	-0.0118	2.0277	7.2318	-6.7391
0	-0.1028	-0.6879	0.1347	0.0211	-1.3733	0.1210	-2.1527	7.3564	6.5420
1	-0.5347	1.1630	-1.0805	0.0675	-0.1472	-1.3032	-10.6577	1.2844	-1.5891
2	0.1758	0.6108	0.0583	0.1061	1.4466	0.0073	1.9985	7.1516	-6.8305
0	-0.1002	-0.7365	0.1313	0.0963	-1.0514	0.0590	-2.0291	6.5534	6.5701
1	-0.5466	1.4915	-1.4165	0.0004	-0.1875	-1.1323	-10.3480	0.6248	-1.5495
2	0.1760	0.6656	0.0566	0.1374	1.0948	-0.0071	1.8888	6.0014	-7.3012
0	-0.0993	-0.7771	0.1283	0.1227	-0.9032	0.1128	-2.1779	6.7428	6.7678
1	-0.5421	1.7438	-1.6744	0.0585	-0.1443	-1.0192	-10.2666	0.1557	-1.5128
2	0.1783	0.7077	0.0553	0.1333	1.0055	0.0055	1.8787	5.8055	-7.5745
0	-0.0993	-0.8123	0.1218	0.1725	-0.8786	0.0603	-1.9931	5.8979	7.1531
1	-0.5292	1.9493	-1.8861	0.0547	-0.2345	-0.8629	-10.2720	-0.1441	-1.4035
2	0.1804	0.7437	0.0508	0.2121	0.9060	-0.0451	1.8518	5.6534	-7.6622
0	-0.1015	-0.8413	0.1184	0.1179	-0.6856	0.0055	-2.1410	5.7645	7.5921
1	-0.5125	2.0844	-2.0276	0.1174	-0.1797	-0.7678	-10.2196	-0.5826	-1.5673
2	0.1849	0.7763	0.0473	0.1792	0.7046	0.0171	2.0681	5.0954	-8.1342
0	-0.1027	-0.8718	0.1191	0.0661	-0.7066	0.0237	-2.4346	6.5766	7.6348
1	-0.4926	2.1865	-2.1324	0.1112	-0.0392	-0.7537	-10.5279	-0.9562	-1.8113
2	0.1889	0.8081	0.0485	0.0973	0.7767	0.0947	2.2542	5.1804	-8.4822
0	-0.1030	-0.8973	0.1176	0.0646	-0.8076	0.0099	-2.2075	5.4313	7.5405
1	-0.4725	2.2765	-2.2217	0.0559	-0.1007	-0.5785	-10.5608	-0.9000	-1.7438
2	0.1909	0.8338	0.0485	0.1229	0.6831	0.0355	2.2548	5.2710	-8.3893
0	-0.1032	-0.9286	0.1155	0.1542	-0.6378	0.0943	-2.4541	6.0369	7.6410
1	-0.4518	2.3498	-2.2949	0.0559	-0.0546	-0.8998	-10.7185	-1.0714	-1.8106
2	0.1928	0.8635	0.0493	0.1187	0.8406	0.0253	2.2487	5.2367	-8.3981
0	-0.1074	-0.9566	0.1101	0.2876	-0.9720	0.0183	-2.3994	4.5195	6.8429
1	-0.4304	2.4083	-2.3562	0.0954	-0.2017	-0.5911	-10.2117	-1.2932	-1.7204
2	0.1961	0.8892	0.0454	0.2167	0.7655	0.0076	2.1754	4.7018	-8.3418
0	-0.1212	-1.0014	0.0985	0.4694	-1.0360	0.1196	-2.5662	5.1326	8.4368
1	-0.4004	2.4507	-2.4047	0.3131	-0.3344	-1.0485	-10.3201	-1.5984	-1.6512
2	0.2090	0.9319	0.0396	0.5089	1.1034	-0.0148	2.0078	4.5166	-8.1074
0	-0.1310	-1.0386	0.0898	0.2700	-0.8302	-0.0200	-2.2393	4.2063	8.6464
1	-0.3578	2.4794	-2.4487	0.2158	-0.3601	-0.9005	-10.1040	-2.2722	-2.0133
2	0.2236	0.9738	0.0303	0.3381	0.9065	0.0399	2.6266	3.4000	-9.2744
0	-0.1387	-1.0674	0.0885	0.1925	-0.6546	-0.0959	-2.4237	3.8350	8.8896
1	-0.3245	2.5013	-2.4776	0.2228	-0.1743	-0.7303	-9.8167	-2.8138	-2.1087
2	0.2333	1.0055	0.0296	0.2482	0.6820	0.1047	2.5359	3.0290	-9.2980
0	-0.1432	-1.0861	0.0898	0.1090	-0.3469	-0.0185	-2.5453	4.3066	8.9485
1	-0.2988	2.5166	-2.4922	0.1756	-0.0491	-0.5836	-9.8688	-3.1187	-2.1663
2	0.2395	1.0288	0.0328	0.1509	0.3994	0.0668	2.7055	2.9786	-9.4816
0	-0.1411	-1.0846	0.0882	0.0373	0.3912	0.1392	-2.6211	4.6626	9.0394
1	-0.2853	2.5276	-2.4995	0.0172	-0.0327	-0.2393	-9.8792	-3.1402	-2.1565
2	0.2398	1.0365	0.0332	0.0301	-0.0128	-0.0612	2.7380	3.0352	-9.6498
0	-0.1346	-1.0602	0.0876	-0.1848	0.3126	-0.0506	-2.1778	3.0872	8.7395
1	-0.2993	2.5204	-2.4876	-0.1269	-0.0589	0.6198	-9.3699	-3.2347	-2.0619
2	0.2341	1.0129	0.0281	-0.0946	-0.4654	-0.0831	2.6840	2.6511	-9.5501
0	-0.1232	-1.0171	0.0908	-0.0472	1.7148	0.3784	-2.8279	6.9201	9.1509
1	-0.3212	2.5150	-2.4694	-0.1134	0.2368	0.2878	-10.0759	-3.2578	-2.2944
2	0.2230	0.9920	0.0337	-0.1694	-0.7395	-0.0755	2.5894	3.1055	-9.3797
0	-0.1157	-0.9186	0.0820	0.0143	1.8216	0.0037	-1.8133	2.7308	6.7278
1	-0.3754	2.4676	-2.4103	-0.3831	-0.2103	2.3562	-8.3593	-2.4571	-1.5159
2	0.2075	0.9032	0.0191	-0.0318	-2.2350	-0.3473	2.0811	2.2897	-8.4219
0	-0.1151	-0.8380	0.0803	0.2550	2.6596	0.2256	-2.7471	7.4646	7.7247
1	-0.4530	2.2845	-2.2162	-0.0350	0.0847	1.6672	-9.5465	-1.9558	-1.9090
2	0.2004	0.8177	0.0150	0.0627	-2.0765	-0.2518	2.0148	3.9656	-7.6337
0	-0.1211	-0.6586	0.0619	0.3906	3.8127	-0.0197	-2.0020	4.7433	6.8600
1	-0.5172	1.8659	-1.7886	-0.0265	-0.3040	3.4035	-8.8632	-0.8713	-1.5022
2	0.1949	0.6729	-0.0048	0.3325	-3.9373	-0.4387	1.9447	3.7657	-7.3458
0	-0.1332	-0.5507	0.0653	0.0747	1.7316	-0.3335	-2.5447	7.2734	4.4480
1	-0.4966	0.9588	-0.8716	0.2115	0.0990	3.3455	-9.7945	0.4079	-2.1463
2	0.1957	0.5196	-0.0130	0.0804	-2.4274	0.1638	2.3097	5.8982	-6.7008
0	-0.1420	-0.4509	0.0642	0.3229	2.6018	0.1324	-3.0888	10.3439	4.7648
1	-0.4261	0.6806	-0.5717	0.2178	0.2039	1.5826	-11.5724	2.5805	-1.9219
2	0.2003	0.4314	-0.0099	0.1618	-2.1310	-0.0975	2.2887	8.7713	-5.6727
0	-0.1418	-0.3551	0.0593	-0.0937	1.0736	-0.0658	-2.1683	7.8493	3.0612
1	-0.3400	0.4917	-0.3713	-0.0041	-0.1440	2.4228	-10.0948	3.7572	-1.7298
2	0.1934	0.3195	-0.0200	0.0486	-1.9145	-0.1571	2.3359	8.9088	-5.2114
0	-0.1377	-0.3258	0.0694	-0.1593	0.7274	0.1469	-2.8762	10.6211	3.0059
1	-0.2795	0.4051	-0.2728	-0.1014	0.1780	0.7026	-11.6789	4.3391	-2.1519
2	0.1885	0.2738	-0.0133	-0.2121	-0.4884	-0.0572	2.3837	10.2963	-4.4836
0	-0.1242	-0.2656	0.0669	0.1175	1.7273	0.4016	-2.3500	9.2193	3.2070
1	-0.2590	0.3643	-0.2185	-0.3038	-0.0365	0.9015	-9.8739	4.8114	-1.7012
2	0.1751	0.2324	-0.0102	0.0099	-1.4010	-0.4547	1.9316	8.9926	-3.8740
0	-0.1116	-0.1736	0.0613	0.0663	2.0062	0.2290	-2.2214	8.2590	2.5565
1	-0.2100	0.2829	-0.1319	-0.3275	-0.1852	1.7466	-8.3462	4.4151	-1.4802
2	0.1536	0.1418	-0.0177	0.0196	-2.0086	-0.4005	1.7605	7.5967	-3.6813
0	-0.1051	-0.0848	0.0613	0.0581	1.9525	0.1333	-2.4365	9.3036	1.0989
1	-0.1248	0.2139	-0.0559	-0.1796	-0.0835	2.0272	-8.7993	4.4063	-1.8129
2	0.1401	0.0607	-0.0182	-0.0404	-1.8878	-0.2781	1.8408	8.3816	-3.0219
0	-0.0967	0.0127	0.0591	0.1241	2.2923	0.2936	-2.3635	10.0158	0.4704
1	-0.0431	0.1726	-0.0050	-0.1693	-0.0249	1.8040	-8.4127	5.7131	-1.6639
2	0.1275	-0.0297	-0.0181	0.0193	-2.1809	-0.3802	1.6634	9.2321	-1.8322
0	-0.0858	0.1220	0.0574	0.0555	2.0332	0.1897	-1.8604	8.9716	-0.7960
1	0.0461	0.1332	0.0437	-0.2059	-0.1465	2.2599	-8.0435	6.8744	-1.4189
2	0.1085	-0.1395	-0.0189	0.0184	-2.1665	-0.3691	1.4040	9.4827	-0.8318
0	-0.0777	0.2055	0.0602	0.0285	1.9447	0.3445	-2.2549	10.4880	-1.6375
1	0.1388	0.1054	0.0794	-0.1737	-0.0489	1.8954	-7.6902	7.2107	-1.4049
2	0.0943	-0.2293	-0.0158	-0.0607	-1.8504	-0.3595	1.2709	9.6186	-0.0981
0	-0.0610	0.3124	0.0634	0.0514	2.3124	0.3022	-1.5984	8.0944	-2.6075
1	0.2254	0.0804	0.1135	-0.3700	-0.2363	2.1752	-6.6705	8.0871	-1.1121
2	0.0719	-0.3246	-0.0110	0.0002	-2.2776	-0.5420	1.0493	9.4712	0.9326
0	-0.0537	0.4137	0.0686	-0.0227	2.2737	0.2109	-1.6729	8.5700	-3.3147
1	0.3359	0.0531	0.1501	-0.2901	-0.0937	2.3108	-5.3478	8.2818	-1.1949
2	0.0535	-0.4330	-0.0039	-0.0868	-2.2042	-0.3575	0.8876	8.2735	2.2341
0	-0.0462	0.5261	0.0730	0.0751	2.6122	0.1436	-1.4565	7.7385	-4.5241
1	0.4387	0.0419	0.1765	-0.2767	-0.0438	2.4364	-4.4037	8.6856	-1.0150
2	0.0395	-0.5412	0.0048	-0.0296	-2.5937	-0.3907	0.6407	8.4700	2.8693
0	-0.0453	0.6377	0.0734	0.0494	2.1679	0.0266	-1.6408	7.9208	-5.9774
1	0.5546	0.0347	0.1988	-0.1179	0.0583	2.4768	-3.7374	9.2744	-0.9905
2	0.0310	-0.6535	0.0102	-0.0229	-2.2717	-0.1665	0.4953	8.3573	4.0521
0	-0.0422	0.7374	0.0766	-0.0189	1.8888	0.1519	-1.4621	7.0367	-6.4476
1	0.6564	0.0363	0.2128	-0.0949	0.0040	2.0664	-3.0679	9.9937	-0.9890
2	0.0252	-0.7505	0.0148	-0.0396	-2.0296	-0.3075	0.5844	8.8580	5.0849
0	-0.0432	0.8121	0.0794	0.0842	1.3531	0.0398	-1.6516	7.1430	-8.3250
1	0.7526	0.0354	0.2314	-0.1740	0.0795	1.6853	-2.0994	10.1068	-1.0903
2	0.0213	-0.8326	0.0220	-0.0546	-1.4847	-0.1220	0.3725	7.9512	5.8837
0	-0.0369	0.8847	0.0782	0.1426	1.6493	0.1231	-1.5554	6.5774	-6.9873
1	0.8199	0.0389	0.2421	-0.0244	-0.1099	1.4101	-1.1015	10.4758	-0.8565
2	0.0148	-0.9041	0.0221	0.1176	-1.5204	-0.2595	0.2244	7.7808	6.7785
0	-0.0332	0.9660	0.0789	0.1588	1.4232	0.1044	-1.6755	5.8886	-8.7159
1	0.8998	0.0360	0.2540	-0.1104	-0.0253	1.6878	-0.2661	10.0661	-1.1870
2	0.0081	-0.9859	0.0246	0.0393	-1.5390	-0.1915	0.4928	6.8207	6.4636
0	-0.0236	1.0410	0.0810	0.1211	1.4890	0.2148	-1.4220	5.3529	-8.0363
1	0.9784	0.0365	0.2659	-0.0860	-0.2085	1.4987	0.2337	10.0769	-0.9671
2	-0.0009	-1.0596	0.0261	0.1397	-1.5416	-0.3358	0.3857	6.6175	7.3199
0	-0.0180	1.1040	0.0863	0.1554	1.3119	0.2173	-1.4246	4.8255	-8.9949
1	1.0475	0.0326	0.2787	-0.1936	-0.1317	1.4344	0.7963	9.9247	-1.2683
2	-0.0081	-1.1259	0.0315	0.0496	-1.2931	-0.2992	0.4540	6.1595	7.3833
0	-0.0092	1.1675	0.0881	0.2100	1.3214	0.1023	-1.1654	3.5499	-9.0366
1	1.1102	0.0309	0.2925	-0.1345	-0.2431	1.4121	1.7940	9.6729	-0.9480
2	-0.0166	-1.1880	0.0357	0.1686	-1.4011	-0.2785	0.0099	5.0952	8.0955
0	-0.0061	1.2182	0.0870	0.0759	0.7517	0.0240	-1.3554	3.5697	-9.4226
1	1.1791	0.0283	0.3022	-0.0421	-0.0794	1.0798	2.4353	9.2968	-1.0656
2	-0.0224	-1.2498	0.0351	0.0761	-0.8606	-0.1044	0.1627	4.7230	8.3805
0	-0.0057	1.2643	0.0924	0.0487	1.1336	0.2717	-1.3375	3.8282	-9.6496
1	1.2215	0.0314	0.3096	-0.1447	-0.0375	0.7881	2.8715	9.3048	-1.1420
2	-0.0222	-1.2929	0.0354	-0.0265	-0.9909	-0.2699	0.2929	4.5913	8.3699
0	-0.0017	1.3163	0.0993	0.1185	0.9357	0.1502	-1.1197	2.3031	-9.7560
1	1.2749	0.0377	0.3277	-0.2078	-0.1096	1.1584	3.5581	9.4008	-0.9180
2	-0.0251	-1.3466	0.0422	0.0797	-1.0788	-0.2668	-0.0443	3.9959	8.8648
0	-0.0012	1.3541	0.1029	0.0005	0.5804	0.1117	-0.9953	2.0444	-9.3014
1	1.3225	0.0409	0.3385	-0.0799	-0.0706	0.7630	3.6613	8.8042	-1.0491
2	-0.0274	-1.3923	0.0441	0.0076	-0.6397	-0.1686	0.0669	3.4832	8.7541
0	-0.0050	1.3868	0.1046	-0.0120	0.8368	0.1234	-1.4570	2.9100	-9.7022
1	1.3552	0.0478	0.3486	-0.1797	0.0466	0.6353	4.0286	8.1414	-1.1022
2	-0.0238	-1.4226	0.0437	-0.0758	-0.7030	-0.0650	0.0720	2.7134	8.4632
0	-0.0077	1.4223	0.1107	-0.0410	0.6217	0.1919	-1.1983	1.7612	-10.0072
1	1.3914	0.0597	0.3625	-0.1982	-0.0289	0.7895	4.3921	8.4790	-1.0623
2	-0.0202	-1.4612	0.0456	-0.0585	-0.6951	-0.2296	0.1748	3.1909	8.9335
0	-0.0098	1.4568	0.1167	0.0833	0.7977	0.2002	-1.3635	1.7797	-10.4114
1	1.4230	0.0698	0.3788	-0.2486	-0.0309	0.7346	4.5479	8.4816	-1.1734
2	-0.0161	-1.4945	0.0493	-0.0123	-0.7539	-0.2138	0.0332	2.5579	9.3133
0	-0.0073	1.4884	0.1244	0.0799	0.5093	0.2074	-1.1712	0.7543	-10.2928
1	1.4599	0.0781	0.3951	-0.1501	-0.1484	0.7929	5.1685	8.3067	-1.0418
2	-0.0176	-1.5319	0.0531	0.0749	-0.5820	-0.2697	0.0442	2.4104	9.5661
0	-0.0043	1.5090	0.1295	0.1431	0.2129	0.1449	-0.9546	0.1639	-10.2640
1	1.4904	0.0824	0.4089	-0.0929	-0.1595	0.5637	5.1684	7.8874	-1.3007
2	-0.0198	-1.5576	0.0550	0.1326	-0.3482	-0.1935	0.0331	1.8584	9.5878
0	-0.0017	1.5074	0.1302	0.1044	-0.3072	0.1198	-1.3466	1.1676	-9.8906
1	1.5083	0.0818	0.4147	0.0259	-0.1343	0.0283	5.3182	7.5534	-1.2232
2	-0.0222	-1.5635	0.0511	0.1247	0.2538	-0.0410	0.0580	1.7875	9.4385
0	-0.0036	1.4727	0.1280	-0.0496	-1.5522	-0.1596	-0.7204	-0.8148	-11.5234
1	1.5032	0.0766	0.4117	-0.0223	-0.1752	-0.4793	5.2793	7.5001	-1.2684
2	-0.0220	-1.5467	0.0451	0.0365	0.9422	0.1176	0.1259	1.8289	9.3742
0	-0.0066	1.3716	0.1193	0.0529	-2.9304	-0.1236	-1.0042	0.8401	-10.5880
1	1.4494	0.0702	0.3956	0.2928	0.0958	-2.2657	4.9196	8.0744	-1.0864
2	-0.0172	-1.4675	0.0250	0.1460	2.5831	0.3201	-0.3641	2.9443	10.5093
0	-0.0105	1.2229	0.1028	0.1344	-3.4922	-0.4789	-1.4166	2.6816	-9.4863
1	1.3318	0.0575	0.3648	0.2808	-0.0563	-3.2086	4.8004	8.5845	-0.8902
2	-0.0139	-1.3306	-0.0026	0.2435	3.3727	0.6202	-0.2461	2.7878	9.9717
0	-0.0208	1.0726	0.0793	-0.0363	-3.5342	-0.5664	-1.4971	4.1502	-7.7358
1	1.1743	0.0471	0.3208	0.6324	0.1482	-3.6581	3.7396	9.2245	-1.2518
2	-0.0035	-1.1698	-0.0441	0.2156	3.4784	0.7649	0.4153	4.3240	8.5663
0	-0.0465	0.9161	0.0597	-0.2559	-3.1349	-0.5230	-1.6133	6.7891	-6.6118
1	1.0161	0.0511	0.2727	0.6062	0.3424	-3.6960	1.8617	9.6626	-1.5246
2	0.0198	-1.0217	-0.0785	0.0104	3.3779	0.8592	0.6522	5.2693	7.2764
0	-0.0675	0.7990	0.0524	-0.1113	-2.4235	-0.3262	-1.9892	7.2757	-6.7703
1	0.8634	0.0699	0.2307	0.2828	0.3161	-2.9317	0.7196	9.8535	-1.1069
2	0.0480	-0.8860	-0.1017	0.0295	2.5699	0.5215	0.5830	6.4990	6.3497
0	-0.0792	0.7003	0.0457	0.0493	-2.2104	-0.2378	-1.7809	7.1287	-6.1191
1	0.7578	0.0827	0.2025	0.3017	0.1253	-2.3645	-0.1640	9.9959	-1.2133
2	0.0639	-0.7888	-0.1176	0.1900	2.2518	0.3643	0.7034	7.5075	6.0048
0	-0.0895	0.6103	0.0381	0.0161	-2.1328	-0.2192	-2.0917	8.1366	-5.0609
1	0.6640	0.0903	0.1748	0.2880	0.0018	-2.2262	-1.5504	9.8404	-1.3446
2	0.0763	-0.7021	-0.1340	0.1978	2.1218	0.3989	0.7676	7.6293	5.1638
0	-0.0966	0.5266	0.0383	-0.0459	-1.7558	-0.0285	-2.2664	9.0698	-4.3897
1	0.5823	0.0967	0.1522	0.1455	-0.0137	-2.1437	-2.7798	9.5863	-1.5125
2	0.0891	-0.6159	-0.1452	0.0757	2.0074	0.2423	1.2664	8.5984	3.9821
0	-0.0998	0.4597	0.0393	0.0850	-1.5617	-0.0661	-2.0362	8.2433	-4.8253
1	0.4987	0.1027	0.1342	0.0610	-0.0424	-1.5839	-3.4283	9.5324	-1.5263
2	0.0967	-0.5439	-0.1505	0.1275	1.5311	0.1395	1.1486	8.6556	3.5668
0	-0.1029	0.3932	0.0331	0.0998	-1.3245	0.0130	-2.3124	9.6384	-2.9151
1	0.4366	0.1084	0.1161	0.2564	-0.0989	-1.5786	-3.8414	9.3662	-1.3969
2	0.1045	-0.4767	-0.1617	0.2640	1.4768	0.2127	1.0527	8.7962	3.3092
0	-0.1034	0.3374	0.0328	0.0724	-1.5164	-0.0757	-1.9436	8.2501	-3.6385
1	0.3778	0.1144	0.0941	0.1039	-0.1480	-1.3282	-4.7380	8.9282	-1.5675
2	0.1086	-0.4203	-0.1692	0.1354	1.3654	0.0996	1.3841	9.1751	2.0532
0	-0.1075	0.2760	0.0274	0.1862	-1.2477	-0.0255	-2.4752	10.1236	-1.9628
1	0.3205	0.1208	0.0760	0.2279	-0.0628	-1.5743	-5.2920	8.6251	-1.4252
2	0.1166	-0.3594	-0.1771	0.2496	1.4736	0.2189	1.0156	9.0625	2.2209
0	-0.1090	0.2241	0.0237	0.1081	-1.4058	-0.1180	-2.0093	8.5372	-2.3447
1	0.2614	0.1307	0.0507	0.1386	-0.1592	-1.1582	-5.5806	8.3742	-1.4436
2	0.1212	-0.3098	-0.1857	0.1869	1.2426	0.1168	1.3837	9.2655	1.1767
0	-0.1155	0.1689	0.0195	0.1042	-1.2426	-0.1159	-2.4337	9.7294	-0.8459
1	0.2091	0.1415	0.0285	0.2583	-0.0550	-1.4418	-6.3872	7.9248	-1.5052
2	0.1309	-0.2531	-0.1930	0.2180	1.3528	0.2370	1.3293	9.2556	0.7816
0	-0.1216	0.1143	0.0195	0.0237	-1.4487	-0.1543	-2.2555	9.1173	-1.0785
1	0.1580	0.1571	0.0029	0.1552	-0.0348	-1.2636	-6.6863	7.5854	-1.6251
2	0.1405	-0.2010	-0.1976	0.1139	1.3375	0.2146	1.6323	9.3994	-0.0494
0	-0.1303	0.0528	0.0201	0.0147	-1.4779	-0.1917	-2.5305	9.4883	-0.0162
1	0.1082	0.1744	-0.0206	0.1850	0.0114	-1.4477	-7.2398	7.3540	-1.5951
2	0.1526	-0.1413	-0.2000	0.1549	1.4645	0.2913	1.5193	9.4121	-0.2146
0	-0.1353	-0.0089	0.0274	-0.1844	-1.3126	-0.0161	-2.5421	9.9296	0.7549
1	0.0470	0.2020	-0.0551	0.1451	0.0311	-1.4881	-7.5278	7.0206	-1.7129
2	0.1645	-0.0797	-0.1990	-0.0352	1.4286	0.1743	2.0322	9.6310	-1.3490
0	-0.1398	-0.0704	0.0384	-0.1680	-1.7891	-0.2153	-2.2536	8.3776	-0.1828
1	-0.0101	0.2230	-0.0772	-0.0374	0.0811	-1.3147	-8.1390	6.5262	-1.8080
2	0.1704	-0.0220	-0.1909	-0.0780	1.4236	0.2227	1.8728	9.3943	-1.6840
0	-0.1443	-0.1637	0.0485	-0.0871	-1.5837	0.1498	-2.9703	11.1921	2.0840
1	-0.0745	0.2591	-0.1131	0.1725	0.1286	-2.1707	-8.9814	6.5093	-1.6869
2	0.1837	0.0621	-0.1817	-0.0418	2.0394	0.2054	1.8411	10.1865	-1.7741
0	-0.1391	-0.2178	0.0484	0.1211	-1.2199	0.0155	-2.2383	8.1723	1.6251
1	-0.1488	0.2958	-0.1555	-0.1171	-0.1540	-1.2906	-8.4989	6.0277	-1.5441
2	0.1831	0.1283	-0.1788	0.1209	1.1277	-0.0495	1.8053	8.8152	-2.7348
0	-0.1401	-0.2930	0.0532	-0.1300	-1.7587	0.0396	-2.7578	9.7804	3.2618
1	-0.1984	0.3236	-0.1939	0.1669	-0.0936	-1.5162	-9.0791	4.8435	-1.6990
2	0.1890	0.1925	-0.1791	-0.0017	1.8513	0.1778	1.9677	8.9976	-3.3778
0	-0.1361	-0.3470	0.0551	0.1054	-1.0098	0.0696	-2.3645	8.7030	3.0449
1	-0.2696	0.3850	-0.2618	-0.0635	-0.0691	-1.4603	-9.4866	4.5020	-1.7507
2	0.1909	0.2662	-0.1737	0.0944	1.1969	-0.0140	2.0366	8.5547	-3.9763
0	-0.1361	-0.4058	0.0552	-0.0405	-1.6898	0.0071	-2.4956	8.6420	3.9447
1	-0.3106	0.4271	-0.3112	0.1046	-0.1579	-1.0862	-9.0599	3.9958	-1.5215
2	0.1945	0.3135	-0.1749	0.1085	1.4575	0.1113	1.8121	8.2622	-4.2163
0	-0.1312	-0.4722	0.0569	0.0449	-1.2857	0.1513	-2.5493	8.7515	4.3346
1	-0.3668	0.5161	-0.4095	-0.0199	-0.1052	-1.6619	-10.3720	3.6246	-1.7345
2	0.1967	0.3824	-0.1712	0.0346	1.5718	0.0064	2.1832	8.7073	-4.9843
0	-0.1275	-0.5285	0.0553	0.0172	-1.4557	0.1098	-2.3362	8.1062	4.9741
1	-0.4167	0.6115	-0.5130	0.0141	-0.1690	-1.2691	-9.9610	3.0496	-1.6018
2	0.1967	0.4427	-0.1720	0.1187	1.3456	0.0271	1.9613	7.7408	-5.4402
0	-0.1193	-0.5956	0.0559	-0.0350	-1.2594	0.1110	-2.3521	7.6410	5.5564
1	-0.4586	0.7424	-0.6525	-0.0623	-0.1626	-1.4617	-10.5458	2.2692	-1.5688
2	0.1953	0.5079	-0.1706	0.0128	1.3658	-0.0367	2.1611	7.5434	-6.2665
0	-0.1138	-0.6518	0.0599	-0.1690	-1.4354	0.0673	-2.2186	7.7289	6.2341
1	-0.5001	0.9328	-0.8499	-0.0328	-0.0619	-1.2434	-10.2675	1.7341	-1.7240
2	0.1943	0.5624	-0.1668	-0.0122	1.3701	0.0803	2.0977	7.0280	-6.4935
0	-0.1018	-0.7147	0.0672	-0.2750	-1.6663	0.1243	-2.1876	6.9967	6.0628
1	-0.5281	1.1945	-1.1129	-0.1306	0.0287	-1.3736	-10.8085	1.3155	-1.6106
2	0.1904	0.6241	-0.1594	-0.1399	1.4839	0.0021	2.1639	7.2452	-7.1858
0	-0.0872	-0.8048	0.0761	-0.2540	-1.8816	0.1268	-2.0600	7.0553	7.0007
1	-0.5459	1.5936	-1.5115	-0.1749	0.0374	-1.8461	-11.2487	0.9083	-1.4722
2	0.1833	0.7071	-0.1497	-0.1468	1.9851	0.0936	1.9142	6.8362	-7.2785
0	-0.0716	-0.8735	0.0783	-0.1988	-1.4561	0.2374	-1.8980	5.7890	7.1631
1	-0.5274	2.1004	-2.0188	-0.2399	-0.0369	-1.6081	-10.5561	0.1606	-1.2461
2	0.1751	0.7841	-0.1440	-0.1186	1.5950	-0.1002	1.8151	5.8449	-7.7370
0	-0.0610	-0.9341	0.0765	-0.0259	-1.4638	0.1428	-1.5976	4.7867	7.1587
1	-0.4988	2.3566	-2.2788	-0.1521	-0.1298	-1.3643	-9.9604	-0.7457	-1.1619
2	0.1670	0.8465	-0.1437	-0.0067	1.4629	-0.0656	1.5964	4.6657	-7.8126
0	-0.0549	-0.9919	0.0765	-0.0796	-1.2539	0.1132	-1.7949	5.3647	8.3768
1	-0.4553	2.5262	-2.4537	0.0001	-0.1114	-1.3727	-9.8226	-1.4467	-1.0824
2	0.1651	0.9074	-0.1426	0.0273	1.3906	0.0402	1.5746	4.0743	-8.2039
0	-0.0489	-1.0364	0.0732	0.0706	-1.1060	0.1071	-1.5059	4.1798	7.7665
1	-0.4133	2.6234	-2.5528	-0.0884	-0.1186	-1.0861	-9.9845	-1.9766	-1.1279
2	0.1621	0.9610	-0.1425	0.0885	1.0403	-0.0603	1.6357	3.8065	-8.8699
0	-0.0479	-1.0856	0.0688	0.0658	-1.3041	0.1030	-1.5687	4.0447	8.7589
1	-0.3753	2.6808	-2.6146	0.0535	-0.1975	-1.1203	-10.1080	-2.3303	-0.9519
2	0.1636	1.0077	-0.1442	0.1558	1.2423	-0.0164	1.5008	3.7709	-8.8807
0	-0.0408	-1.1273	0.0643	-0.0476	-0.4917	0.2116	-1.6213	4.5492	9.3590
1	-0.3264	2.7294	-2.6684	-0.0501	-0.1258	-1.1106	-10.3043	-2.8914	-1.1263
2	0.1629	1.0613	-0.1457	0.0225	0.7669	-0.1074	1.8702	3.0183	-9.7849
0	-0.0340	-1.1202	0.0565	0.0320	0.5716	0.1932	-1.4233	3.1606	9.1407
1	-0.3077	2.7581	-2.6990	-0.1293	-0.1796	-0.0633	-9.3583	-3.4783	-1.1070
2	0.1587	1.0720	-0.1529	0.0744	-0.0684	-0.2322	1.7038	1.9432	-9.7247
0	-0.0291	-1.0851	0.0554	-0.0336	0.7688	-0.0095	-1.6569	3.3657	8.6794
1	-0.3294	2.7518	-2.6935	-0.0961	-0.0893	0.8514	-8.4983	-3.9418	-1.1344
2	0.1548	1.0437	-0.1604	0.0257	-0.7355	-0.1085	1.5959	1.2345	-9.4263
0	-0.0225	-1.0475	0.0620	-0.2469	0.9935	-0.0722	-1.4134	4.0470	9.8146
1	-0.3708	2.7238	-2.6587	-0.0444	0.0383	0.9701	-9.4022	-3.6338	-1.2471
2	0.1498	1.0063	-0.1615	-0.1097	-0.8698	-0.0340	1.8937	2.4065	-9.8317
0	-0.0110	-0.9875	0.0751	-0.3365	1.3594	-0.1860	-1.1391	4.2149	8.2371
1	-0.4215	2.6934	-2.6138	-0.1768	0.1871	1.2984	-10.3813	-3.3699	-1.3214
2	0.1388	0.9576	-0.1579	-0.2099	-1.3561	-0.0349	1.9431	2.8570	-10.2271
0	-0.0048	-0.9352	0.0883	-0.1219	1.4157	-0.0353	-1.7694	6.2874	8.4683
1	-0.4863	2.6298	-2.5306	-0.0984	0.2920	1.2768	-10.6510	-1.9607	-0.9595
2	0.1290	0.9028	-0.1512	-0.0557	-1.0769	-0.0437	1.2802	4.6168	-8.5911
0	-0.0040	-0.8442	0.0974	0.0704	1.6686	-0.2065	-1.2901	5.7251	6.0739
1	-0.5475	2.4852	-2.3745	-0.1389	0.0796	1.9343	-10.0269	-1.3365	-0.7181
2	0.1213	0.8260	-0.1529	-0.0227	-2.0293	-0.0315	1.3099	3.7842	-8.5562
0	-0.0054	-0.7633	0.0987	0.0585	2.0902	-0.0598	-0.9158	5.7083	6.7673
1	-0.6092	1.9726	-1.8486	-0.0223	-0.1103	1.8620	-10.1936	-0.5902	-0.5063
2	0.1188	0.7420	-0.1566	0.0408	-2.1099	-0.2375	1.2526	4.8918	-8.3016
0	-0.0117	-0.6801	0.1051	-0.0281	1.2062	-0.1723	-1.2569	8.0475	5.6373
1	-0.6040	0.8765	-0.7455	0.0572	0.1084	1.8989	-10.4240	0.5004	-0.7017
2	0.1154	0.6547	-0.1580	0.0371	-1.5708	0.0795	1.0751	6.1094	-7.2667
0	-0.0077	-0.6215	0.1048	0.2282	1.5921	0.3031	-1.9219	9.0795	4.8934
1	-0.5538	0.5117	-0.3671	-0.0948	0.1497	0.9940	-11.3646	2.1525	-0.6665
2	0.1095	0.5973	-0.1535	-0.1030	-1.2593	-0.2295	1.3397	8.2953	-6.9377
0	-0.0051	-0.5484	0.0925	0.0907	1.3084	0.0624	-0.4637	6.7070	6.4560
1	-0.5022	0.2963	-0.1453	-0.1081	-0.0860	1.4597	-10.2740	2.9363	-0.4321
2	0.0983	0.5116	-0.1642	0.1037	-1.5089	-0.2457	0.8451	7.4534	-6.2369
0	-0.0041	-0.4995	0.1003	-0.1565	0.9699	-0.0771	-0.9253	7.3987	4.8780
1	-0.4487	0.1955	-0.0377	-0.0714	0.1971	1.0373	-10.7891	2.0330	-0.8308
2	0.0916	0.4545	-0.1593	-0.2589	-1.0438	-0.0077	1.3104	7.2059	-7.0611
0	-0.0037	-0.4447	0.1006	0.2729	1.3437	0.1159	-1.5022	8.7843	3.9610
1	-0.4150	0.1589	0.0139	-0.0965	0.1945	0.7600	-10.4057	2.1045	-0.5303
2	0.0844	0.4089	-0.1512	-0.0294	-1.2101	-0.1289	0.5520	7.3354	-5.6482
0	-0.0070	-0.3752	0.0902	0.2489	1.3870	-0.0648	-1.1566	8.5084	3.6985
1	-0.3651	0.1058	0.0678	-0.0778	-0.2063	1.1973	-9.3885	3.1567	-0.1156
2	0.0759	0.3395	-0.1568	0.0354	-1.4088	-0.1419	0.8641	7.7551	-5.1109
0	-0.0052	-0.2955	0.0835	0.0983	1.6076	0.3031	-1.2591	9.9752	3.1618
1	-0.3153	0.0749	0.1008	0.0557	0.0050	1.5267	-9.5288	3.8600	-0.6048
2	0.0715	0.2664	-0.1595	0.1370	-1.7455	-0.2425	0.6281	8.2915	-4.6956
0	0.0065	-0.2160	0.0799	0.0620	1.4677	0.1984	-1.0976	9.0736	2.0652
1	-0.2349	0.0408	0.1366	-0.2087	-0.1489	1.6656	-9.7076	4.7888	-0.1842
2	0.0547	0.1841	-0.1651	0.0052	-1.5423	-0.3634	0.7667	9.1785	-3.9971
0	0.0138	-0.1493	0.0785	0.0364	1.5314	0.2175	-1.0240	10.1124	2.0396
1	-0.1612	0.0072	0.1705	-0.1406	-0.0638	1.2825	-9.2423	5.2889	-0.3983
2	0.0403	0.1121	-0.1667	-0.0038	-1.4098	-0.2766	0.4739	9.2214	-3.0601
0	0.0224	-0.0675	0.0775	0.1144	1.8280	0.1418	-0.8474	9.2983	0.6792
1	-0.0982	-0.0117	0.1936	-0.2173	-0.0031	1.5648	-8.7790	5.8522	-0.2054
2	0.0254	0.0347	-0.1668	0.0165	-1.7929	-0.3107	0.2936	9.1482	-2.5898
0	0.0236	0.0144	0.0733	0.1629	1.6267	-0.0105	-0.6663	9.1897	-0.3400
1	-0.0211	-0.0271	0.2135	-0.0239	-0.0624	1.7560	-8.1653	6.2582	-0.0876
2	0.0158	-0.0411	-0.1686	0.0969	-1.7524	-0.1580	0.0396	9.0529	-1.7209
0	0.0221	0.0884	0.0672	0.2194	1.3416	-0.0362	-0.8311	9.3757	-1.1625
1	0.0531	-0.0289	0.2167	0.0685	0.0005	1.5089	-7.8662	6.9369	0.0357
2	0.0110	-0.1195	-0.1719	0.1555	-1.4230	-0.0863	-0.1080	9.6658	-0.5840
0	0.0200	0.1546	0.0590	0.2323	1.5222	-0.0922	-0.8013	9.2749	-0.9127
1	0.1184	-0.0277	0.2156	0.1076	-0.0413	1.3196	-7.2601	7.4430	0.0277
2	0.0082	-0.1845	-0.1770	0.1924	-1.4236	-0.0687	-0.0194	9.5112	-0.1146
0	0.0124	0.2302	0.0511	0.1904	1.6357	-0.2053	-1.0120	9.4200	-2.1310
1	0.1854	-0.0251	0.2123	0.1655	0.0681	1.5759	-6.5334	7.5057	-0.2405
2	0.0086	-0.2580	-0.1817	0.1459	-1.6973	0.0850	0.0837	8.8173	0.1319
0	0.0067	0.3007	0.0428	0.2041	1.3169	-0.0542	-1.1748	9.9345	-2.8308
1	0.2596	-0.0149	0.2063	0.1882	0.1431	1.5058	-6.2604	8.0971	-0.2288
2	0.0122	-0.3331	-0.1858	0.1623	-1.4512	0.0435	0.1224	9.8908	1.3171
0	0.0070	0.3564	0.0366	0.2220	0.9044	-0.0320	-0.9334	9.1346	-4.0419
1	0.3212	-0.0093	0.2030	0.0483	-0.0139	1.1982	-6.2345	8.8871	-0.2175
2	0.0110	-0.3947	-0.1895	0.1370	-1.1261	-0.0624	0.1665	10.2414	1.7299
0	0.0086	0.3920	0.0283	0.2645	0.5639	0.0106	-1.0957	9.4619	-4.0497
1	0.3671	-0.0080	0.2018	0.1384	-0.0385	0.7389	-5.8432	9.1688	-0.2228
2	0.0093	-0.4379	-0.1952	0.2114	-0.6985	-0.0318	-0.0265	10.1675	2.4570
0	0.0119	0.4155	0.0197	0.2255	0.2586	0.0293	-1.1204	9.2202	-3.9067
1	0.3979	-0.0077	0.1972	0.1321	-0.0923	0.3930	-5.3904	9.4685	-0.3149
2	0.0070	-0.4671	-0.2027	0.2199	-0.4232	-0.0320	0.0788	9.9990	2.6571
0	0.0122	0.4244	0.0130	0.2089	0.0077	-0.1084	-0.9879	8.8546	-4.1691
1	0.4123	-0.0084	0.1934	0.0673	-0.0435	0.0534	-5.2181	9.2827	-0.4999
2	0.0061	-0.4816	-0.2085	0.1526	-0.1200	0.0575	0.2042	9.5721	2.7143
0	0.0127	0.4280	0.0079	0.1058	-0.0081	0.0285	-0.9488	8.8795	-3.5567
1	0.4146	-0.0040	0.1877	0.1005	-0.0169	-0.0775	-4.8338	9.1666	-0.4122
2	0.0092	-0.4876	-0.2150	0.1405	-0.0251	0.0053	0.0413	9.3609	2.7120
0	0.0158	0.4354	0.0084	0.0854	0.1723	0.0995	-0.9340	8.6468	-4.1600
1	0.4155	-0.0030	0.1861	0.0043	-0.0314	-0.0398	-4.8089	8.8254	-0.3308
2	0.0090	-0.4934	-0.2171	0.0205	-0.1592	-0.0920	0.1199	9.0879	2.4509
0	0.0142	0.4503	0.0067	0.0278	0.2716	-0.0320	-0.9738	8.8984	-3.6082
1	0.4210	-0.0044	0.1892	0.0390	-0.0054	0.1060	-4.4266	8.9005	-0.3741
2	0.0093	-0.5081	-0.2172	0.0500	-0.2827	0.0810	0.1331	8.6167	2.7573
0	0.0103	0.4637	0.0082	-0.0180	0.1685	-0.0936	-1.0555	8.5462	-4.2817
1	0.4331	-0.0011	0.1854	0.1266	-0.0235	0.3127	-4.7832	8.6284	-0.4954
2	0.0132	-0.5235	-0.2162	-0.0233	-0.2193	0.0661	0.2108	8.9210	2.6369
0	0.0049	0.4753	0.0078	0.0491	0.2037	-0.0789	-1.1401	8.8582	-4.5810
1	0.4447	0.0042	0.1822	0.1095	0.0702	0.1705	-4.5419	8.9642	-0.4147
2	0.0186	-0.5349	-0.2164	0.0341	-0.1828	0.0659	0.0860	8.9852	3.1074
0	0.0077	0.4971	0.0093	0.0137	0.6429	0.2821	-1.1819	9.5727	-3.4570
1	0.4607	0.0089	0.1783	0.0282	-0.0487	0.3443	-4.2713	9.2458	-0.3146
2	0.0195	-0.5504	-0.2185	0.0805	-0.3965	-0.1487	0.1392	9.1367	3.1363
0	0.0173	0.5334	0.0191	-0.0337	0.8834	0.2339	-0.9217	8.1355	-4.4449
1	0.4879	0.0016	0.1882	-0.3090	-0.1297	0.7229	-4.2745	9.0396	-0.3273
2	0.0078	-0.5837	-0.2118	-0.0443	-0.8062	-0.3312	0.1706	8.7282	2.8323
0	0.0195	0.5789	0.0266	-0.1097	0.9953	0.1017	-0.9537	8.0894	-4.8354
1	0.5305	-0.0061	0.2041	-0.1913	-0.0297	1.0242	-3.8897	9.0057	-0.5182
2	0.0009	-0.6226	-0.2056	-0.0627	-0.9908	-0.1906	0.1232	8.2159	3.3171
0	0.0184	0.6318	0.0375	-0.1533	1.0965	0.1530	-1.0908	8.2490	-5.1533
1	0.5800	-0.0057	0.2158	-0.2244	0.0932	1.0640	-3.4763	9.2885	-0.5645
2	-0.0021	-0.6742	-0.1973	-0.1210	-0.9801	-0.1772	0.1236	8.4281	4.0043
0	0.0151	0.6828	0.0492	-0.2376	0.9476	0.0362	-0.7928	6.8851	-6.3181
1	0.6314	-0.0036	0.2312	-0.3103	0.0958	1.1991	-2.8365	9.5026	-0.5003
2	-0.0039	-0.7237	-0.1873	-0.1988	-1.1369	-0.1793	0.1659	8.0959	4.3502
0	0.0066	0.7196	0.0601	-0.2883	0.6865	0.1049	-1.1052	7.5544	-6.2342
1	0.6813	0.0028	0.2466	-0.1989	0.2384	0.8117	-2.5689	9.6235	-0.5698
2	0.0011	-0.7658	-0.1773	-0.2428	-0.7076	-0.0582	-0.0101	8.1252	5.0245
0	-0.0028	0.7493	0.0737	-0.3299	0.5220	-0.0021	-1.0754	6.5317	-6.7505
1	0.7179	0.0127	0.2620	-0.3301	0.2165	0.6381	-2.1349	9.6741	-0.4986
2	0.0076	-0.8002	-0.1636	-0.3141	-0.5872	-0.0516	0.0943	7.7273	5.2549
0	-0.0205	0.7680	0.0838	-0.3972	0.3717	-0.1154	-1.4309	7.2331	-5.9907
1	0.7441	0.0247	0.2769	-0.1959	0.3272	0.3124	-1.5728	9.5241	-0.7109
2	0.0196	-0.8212	-0.1545	-0.3065	-0.2330	0.1401	0.0326	7.2515	5.5867
0	-0.0395	0.8033	0.1006	-0.4056	1.1876	0.0887	-1.7562	7.1572	-7.0891
1	0.7639	0.0432	0.2888	-0.3598	0.4348	0.5588	-0.9866	9.4932	-1.0271
2	0.0370	-0.8474	-0.1411	-0.4626	-0.7869	-0.0337	0.6411	7.0103	5.4925
0	-0.0526	0.8623	0.1101	-0.2641	1.0822	-0.1364	-1.4569	5.2801	-8.0158
1	0.8130	0.0619	0.3141	-0.3301	0.3218	1.3564	0.0887	9.8187	-1.0371
2	0.0475	-0.9032	-0.1272	-0.2914	-1.3010	-0.0073	0.3931	6.4033	6.4518
0	-0.0718	0.9012	0.1121	-0.3403	0.6455	-0.2569	-1.7346	5.5163	-8.0402
1	0.8632	0.0773	0.3284	-0.1053	0.4017	0.8537	-0.2100	9.7602	-1.2561
2	0.0625	-0.9514	-0.1230	-0.3134	-0.7168	0.2058	0.5287	6.7115	6.9058
0	-0.0902	0.9316	0.1109	-0.1876	0.5864	-0.1660	-2.2695	6.4925	-8.5341
1	0.8982	0.1004	0.3386	-0.1286	0.3542	0.7168	0.1188	9.7774	-1.4267
2	0.0834	-0.9857	-0.1232	-0.2077	-0.5986	0.1976	0.6265	6.6917	7.3015
0	-0.1014	0.9596	0.1136	-0.1702	0.3787	-0.0303	-2.0124	5.4277	-8.1633
1	0.9312	0.1154	0.3478	-0.1186	0.1421	0.7257	0.3660	10.3455	-1.4830
2	0.0950	-1.0143	-0.1233	-0.1600	-0.4672	-0.0059	1.0847	7.3041	7.2715
0	-0.1134	0.9737	0.1132	-0.2179	0.1801	-0.1910	-2.2066	5.5514	-7.8780
1	0.9579	0.1227	0.3602	-0.1418	0.1015	0.4463	0.2886	9.9422	-1.7108
2	0.1052	-1.0325	-0.1230	-0.1570	-0.2404	0.1812	1.0493	6.3541	6.9846
0	-0.1291	0.9823	0.1128	-0.1805	0.2094	-0.0963	-2.7934	6.3270	-7.6885
1	0.9733	0.1346	0.3668	-0.0829	0.2494	0.0956	0.4010	9.6397	-1.8595
2	0.1201	-1.0414	-0.1264	-0.1626	-0.0706	0.1682	1.2362	6.4036	6.9450
0	-0.1461	0.9877	0.1128	-0.2858	-0.2055	-0.2060	-2.6738	5.3737	-7.9724
1	0.9842	0.1471	0.3747	-0.1148	0.1893	0.2172	0.6428	9.6857	-2.1356
2	0.1346	-1.0508	-0.1283	-0.2181	0.0971	0.2266	1.5632	6.3312	6.9776
0	-0.1618	0.9842	0.1155	-0.3152	-0.0512	-0.0164	-3.1231	5.4875	-7.7993
1	0.9834	0.1619	0.3784	-0.1213	0.2819	-0.1579	0.5452	9.5428	-2.2019
2	0.1521	-1.0464	-0.1306	-0.2625	0.0987	0.1114	1.7220	6.2021	7.0167
0	-0.1812	0.9725	0.1216	-0.4053	-0.4664	-0.1654	-2.7800	5.0242	-7.8174
1	0.9797	0.1757	0.3871	-0.2385	0.2499	-0.2590	1.0115	9.3273	-2.3885
2	0.1672	-1.0412	-0.1274	-0.3357	0.4239	0.2006	1.8801	5.8129	7.0608
0	-0.1976	0.9638	0.1265	-0.2758	-0.0552	-0.1760	-2.7596	4.2797	-7.1934
1	0.9640	0.1929	0.3916	-0.2144	0.2344	-0.2838	1.1677	9.0115	-2.3148
2	0.1859	-1.0267	-0.1257	-0.2210	0.1768	0.0766	1.8333	5.3028	6.9489
0	-0.2196	0.9673	0.1301	-0.3223	0.1474	0.0472	-3.6012	5.7440	-7.7000
1	0.9617	0.2068	0.3969	-0.0229	0.4299	-0.0516	1.2995	8.7382	-2.7628
2	0.2059	-1.0281	-0.1265	-0.3600	-0.0257	0.1375	2.1309	5.2960	6.3401
0	-0.2400	0.9829	0.1340	-0.3340	0.3200	-0.2833	-3.6324	5.0685	-8.2987
1	0.9660	0.2241	0.4094	-0.2850	0.2676	0.2544	1.0392	8.9360	-2.5207
2	0.2234	-1.0383	-0.1208	-0.3316	-0.3032	0.2411	2.1385	5.3329	6.7847
0	-0.2628	1.0061	0.1294	-0.2256	0.2901	-0.3674	-3.5415	4.3962	-9.0237
1	0.9798	0.2464	0.4206	-0.1428	0.4230	0.3645	1.4612	9.3707	-2.9819
2	0.2455	-1.0583	-0.1239	-0.2795	-0.4646	0.3255	2.3463	5.4344	7.4408
0	-0.2771	1.0221	0.1259	-0.1237	0.3716	0.1535	-4.6450	8.0689	-8.3865
1	0.9988	0.2700	0.4297	-0.0205	0.2711	0.4050	1.2441	9.4770	-2.8112
2	0.2636	-1.0766	-0.1323	-0.1148	-0.2447	0.1454	2.4495	6.1828	7.4831
0	-0.2618	1.0310	0.1535	0.2254	0.5037	0.9226	-4.0636	7.1538	-9.1820
1	1.0188	0.2689	0.4464	-0.4138	-0.6072	0.5415	0.4170	10.5857	-2.4804
2	0.2530	-1.0887	-0.1153	0.1000	-0.3397	-0.9717	2.7323	9.2641	7.7567
0	-0.2414	1.0472	0.1716	0.1804	0.2642	0.2179	-2.6546	4.7095	-7.9975
1	1.0453	0.2400	0.4692	-0.2332	-0.6254	0.5153	0.4638	11.4146	-2.6064
2	0.2273	-1.1018	-0.0943	0.1945	-0.3363	-0.4239	2.1376	6.8756	7.5849
0	-0.2377	1.0495	0.1694	0.0304	-0.3776	0.0252	-3.1319	4.5812	-7.8271
1	1.0586	0.2279	0.4781	0.0468	-0.1241	0.0740	1.0518	9.8864	-2.7111
2	0.2199	-1.1127	-0.0959	0.1857	0.0592	0.0298	1.8193	5.7071	7.2830
0	-0.2489	1.0150	0.1680	-0.1966	-1.2793	-0.2845	-3.4342	4.6065	-9.7639
1	1.0483	0.2297	0.4724	-0.0798	0.1676	-0.7915	0.8442	9.3300	-2.7992
2	0.2261	-1.0921	-0.1031	-0.1344	0.9105	0.2780	2.5857	6.0192	7.1719
0	-0.2582	0.9391	0.1573	0.1612	-2.2118	-0.0507	-4.4663	7.8885	-9.2518
1	0.9930	0.2463	0.4552	0.1645	0.3778	-1.8916	0.9257	10.4633	-2.8402
2	0.2436	-1.0359	-0.1196	0.1576	2.0197	0.4621	2.1168	7.4566	8.8202
0	-0.2472	0.8278	0.1619	0.1180	-2.6029	0.3944	-3.4980	7.1220	-7.5416
1	0.9025	0.2483	0.4138	0.1656	-0.2955	-2.5156	0.1195	11.5899	-2.5500
2	0.2427	-0.9349	-0.1361	0.2442	2.4529	-0.1405	2.6089	9.0687	7.8388
0	-0.2540	0.6862	0.1726	-0.8491	-3.9048	-0.3332	-3.1060	5.7152	-3.6138
1	0.7893	0.2351	0.3748	0.0404	-0.3314	-2.9455	-1.4195	10.8514	-2.9103
2	0.2404	-0.8178	-0.1400	-0.1396	3.3287	0.3323	2.9991	7.7209	5.6393
0	-0.2829	0.4980	0.2156	-0.6749	-3.6554	0.4103	-4.9398	10.4405	-7.5498
1	0.6443	0.2562	0.3250	0.0131	0.9001	-4.7001	-3.5090	9.6894	-4.3143
2	0.2789	-0.6416	-0.1247	-0.8443	4.0335	0.2538	3.8992	8.9976	4.1925
0	-0.2696	0.3556	0.2321	0.0310	-2.8269	0.4718	-3.8897	8.1906	-3.1454
1	0.4742	0.2936	0.2796	-0.4389	-0.2828	-3.2119	-2.5220	11.5010	-2.5328
2	0.2818	-0.4792	-0.1100	0.1531	2.9943	-0.1873	2.1454	9.0725	5.8928
0	-0.2503	0.2267	0.2491	-0.2521	-2.7939	0.4851	-3.1551	7.6264	-2.2612
1	0.3526	0.2885	0.2414	-0.2588	-0.6363	-2.9198	-3.4293	8.7438	-2.7212
2	0.2704	-0.3553	-0.1111	-0.1111	3.0114	-0.3166	2.8882	7.9210	2.5899
0	-0.2385	0.1329	0.2568	0.0717	-1.5018	0.1068	-2.8912	7.6571	-0.6121
1	0.2279	0.2901	0.2055	-0.1264	-0.3192	-2.3033	-4.5000	7.4135	-2.8383
2	0.2627	-0.2441	-0.1071	0.1318	1.8985	-0.0888	2.3110	6.7209	1.4075
0	-0.2346	0.0736	0.2584	-0.0535	-1.5638	0.2314	-3.8099	9.9122	-0.5718
1	0.1619	0.3070	0.1682	0.1664	-0.0995	-1.5194	-4.6294	6.6907	-2.5168
2	0.2644	-0.1824	-0.1123	0.0863	1.4248	0.0251	2.4210	7.3033	0.0344
0	-0.2172	0.0109	0.2648	-0.0514	-1.2285	0.4029	-3.1571	8.6459	-0.2381
1	0.0982	0.3280	0.1319	-0.1512	-0.2720	-1.5646	-7.5340	7.2284	-2.6122
2	0.2581	-0.1172	-0.1118	-0.0268	1.3956	-0.3585	3.1076	10.0415	-0.7320
0	-0.2055	-0.0392	0.2665	-0.0296	-1.1708	0.2707	-3.2252	9.6857	1.3489
1	0.0487	0.3256	0.1200	-0.1916	-0.2724	-1.1679	-7.2702	6.7997	-2.5248
2	0.2476	-0.0645	-0.1124	0.0995	1.1844	-0.1308	2.3787	8.6330	-0.9617
0	-0.1926	-0.0868	0.2729	-0.0300	-1.0283	0.3062	-3.0425	9.4715	-0.2850
1	0.0019	0.3290	0.1040	-0.2346	-0.1801	-1.1895	-7.9852	6.3353	-2.4489
2	0.2402	-0.0149	-0.1113	-0.0668	1.1174	-0.2160	2.7484	9.3384	-1.9361
0	-0.1852	-0.1290	0.2707	0.0867	-1.1602	0.1959	-2.8881	10.0528	1.3583
1	-0.0442	0.3303	0.0925	-0.0481	-0.2778	-1.0721	-8.0484	6.5474	-2.0786
2	0.2333	0.0308	-0.1140	0.2042	1.2430	-0.0585	1.9546	9.2007	-1.1152
0	-0.1697	-0.1719	0.2708	-0.0055	-1.1535	0.2685	-2.8506	8.9408	0.5650
1	-0.0846	0.3417	0.0663	-0.1840	-0.2782	-0.9351	-8.2816	6.4032	-1.9093
2	0.2261	0.0725	-0.1202	0.0995	0.9327	-0.2725	2.3777	9.5033	-2.2795
0	-0.1568	-0.2451	0.2731	-0.1574	-1.9407	0.3778	-2.7425	10.1020	2.0857
1	-0.1250	0.3442	0.0476	0.0425	-0.4157	-1.4406	-9.6671	6.2920	-2.1650
2	0.2187	0.1294	-0.1241	0.0209	1.9666	-0.1489	2.5238	10.6761	-2.3075
0	-0.1344	-0.3026	0.2706	0.1256	-0.9504	0.6082	-2.6305	9.7092	1.9736
1	-0.2004	0.3728	-0.0014	-0.3122	-0.2853	-1.7114	-9.3311	6.1924	-1.9643
2	0.2071	0.2038	-0.1248	0.0186	1.3836	-0.3921	2.1857	9.4041	-2.7617
0	-0.1100	-0.3485	0.2591	0.0428	-1.2236	0.5482	-2.3183	9.1389	3.5062
1	-0.2521	0.3721	-0.0199	-0.2193	-0.5548	-0.9780	-8.4956	5.1312	-1.3900
2	0.1875	0.2495	-0.1383	0.1431	1.2034	-0.4254	1.7968	8.6762	-3.4477
0	-0.0906	-0.3881	0.2474	0.2347	-0.9982	0.4449	-1.8170	7.9873	3.0952
1	-0.2993	0.3689	-0.0407	-0.2228	-0.4749	-1.0052	-9.6982	4.2721	-1.5840
2	0.1713	0.2966	-0.1494	0.1903	1.0114	-0.4255	1.7103	8.2725	-4.2321
0	-0.0766	-0.4288	0.2337	0.1888	-0.9951	0.4910	-2.0097	9.2902	4.3159
1	-0.3369	0.3746	-0.0680	-0.0446	-0.4967	-1.0646	-9.4085	3.7977	-1.2400
2	0.1622	0.3354	-0.1628	0.2247	1.1060	-0.3266	1.4887	8.1446	-4.5117
0	-0.0629	-0.4678	0.2203	0.2182	-1.0283	0.4235	-1.9039	8.7316	4.1444
1	-0.3719	0.3876	-0.1015	-0.0606	-0.5058	-0.8810	-10.0347	3.6077	-1.1415
2	0.1523	0.3760	-0.1778	0.2652	1.0554	-0.2793	1.4887	8.1805	-5.2668
0	-0.0482	-0.5035	0.2032	0.2396	-0.8493	0.4196	-1.5805	8.1787	4.4391
1	-0.4074	0.4130	-0.1494	-0.0984	-0.4792	-0.8352	-9.9830	3.2265	-0.9538
2	0.1440	0.4164	-0.1952	0.3000	0.8557	-0.3955	1.3304	7.7316	-5.4034
0	-0.0351	-0.5373	0.1893	0.1047	-0.9739	0.4715	-1.4116	8.0894	4.8496
1	-0.4390	0.4331	-0.1945	-0.0547	-0.5303	-0.8769	-10.0862	3.0045	-1.0524
2	0.1357	0.4495	-0.2108	0.1871	0.9655	-0.3822	1.4878	8.0229	-5.6445
0	-0.0192	-0.5725	0.1774	0.1444	-0.8408	0.4595	-1.1415	8.1042	4.8247
1	-0.4737	0.4566	-0.2378	-0.1650	-0.4233	-0.8915	-10.2745	2.8010	-0.9081
2	0.1235	0.4903	-0.2242	0.1441	0.9080	-0.3726	1.1059	7.6276	-6.0052
0	-0.0028	-0.6047	0.1606	0.1862	-0.7445	0.5501	-1.0717	7.8172	5.4010
1	-0.5048	0.4805	-0.2787	-0.1332	-0.4695	-0.8229	-10.0737	2.3791	-0.3853
2	0.1136	0.5217	-0.2383	0.1983	0.9032	-0.4408	0.7488	7.3312	-6.0491
0	0.0120	-0.6349	0.1443	0.1404	-1.0307	0.4909	-0.7929	7.0033	4.9747
1	-0.5361	0.5022	-0.3213	-0.1478	-0.5474	-0.6805	-9.8800	1.8848	-0.3647
2	0.1013	0.5541	-0.2571	0.1838	0.9061	-0.4216	0.7794	6.8298	-6.4056
0	0.0256	-0.6772	0.1238	0.2786	-0.9289	0.4684	-0.6994	6.5976	5.8429
1	-0.5707	0.5719	-0.4104	-0.1332	-0.4715	-1.0792	-10.1270	1.7745	-0.2939
2	0.0930	0.5944	-0.2734	0.2946	0.9808	-0.4154	0.5416	6.7553	-6.1660
0	0.0328	-0.7154	0.1047	0.3527	-0.9567	0.4284	-0.8351	7.4443	5.7149
1	-0.6052	0.7499	-0.6119	-0.0146	-0.5151	-0.9386	-9.7671	1.1587	-0.2171
2	0.0887	0.6356	-0.2930	0.3332	1.0391	-0.3172	0.5442	6.1166	-6.7120
0	0.0351	-0.7519	0.0758	0.4318	-0.9838	0.4700	-0.9559	6.6407	7.3051
1	-0.6263	1.0870	-0.9717	0.1109	-0.6858	-0.7709	-9.9903	1.0248	-0.0284
2	0.0897	0.6703	-0.3162	0.5411	0.9276	-0.4013	0.5082	6.3004	-6.9600
0	0.0444	-0.7889	0.0523	0.3458	-0.8858	0.5269	-0.8302	6.0077	6.4276
1	-0.6307	1.5332	-1.4485	-0.0716	-0.6090	-0.8624	-10.7284	0.3444	-0.5524
2	0.0884	0.7110	-0.3412	0.3009	0.9451	-0.4830	1.1554	6.0197	-8.2555
0	0.0466	-0.8267	0.0279	0.3720	-0.9922	0.4550	-1.0443	6.4357	7.9246
1	-0.6258	1.9933	-1.9328	0.0715	-0.6211	-0.9475	-10.4112	-0.0815	-0.4070
2	0.0884	0.7435	-0.3610	0.4462	1.0228	-0.3473	0.7034	5.4301	-7.8070
0	0.0538	-0.8606	0.0056	0.1952	-0.7421	0.3914	-0.5534	4.9287	7.7905
1	-0.6025	2.3122	-2.2762	-0.0631	-0.5981	-0.7916	-10.5915	-0.5680	-0.6209
2	0.0884	0.7828	-0.3832	0.2546	0.7450	-0.4117	1.1999	4.9908	-8.8099
0	0.0608	-0.9018	-0.0105	0.1694	-1.1872	0.4193	-0.7681	5.5976	7.2303
1	-0.5815	2.5047	-2.4887	-0.0517	-0.3846	-0.8900	-10.4943	-1.2015	-0.5842
2	0.0856	0.8181	-0.3980	0.1955	1.0399	-0.2898	0.7877	4.9331	-8.6368
0	0.0682	-0.9494	-0.0273	0.0814	-1.3266	0.4675	-0.5624	4.8543	8.3016
1	-0.5454	2.6684	-2.6669	-0.0812	-0.4709	-1.2332	-10.6891	-0.8688	-0.2412
2	0.0825	0.8659	-0.4119	0.1741	1.2788	-0.3701	0.7851	4.9896	-8.4401
0	0.0834	-1.0220	-0.0436	0.0198	-1.6005	0.5743	-0.5289	5.2696	7.5548
1	-0.4948	2.7968	-2.8125	-0.1746	-0.3391	-1.6393	-10.6694	-1.5956	-0.4596
2	0.0754	0.9276	-0.4239	0.0059	1.7145	-0.3083	0.7213	4.4234	-8.8561
0	0.0948	-1.0816	-0.0656	0.1662	-1.2328	0.4953	-0.0920	2.9184	7.9816
1	-0.4243	2.9007	-2.9325	-0.2636	-0.5128	-1.5187	-9.9397	-1.8859	0.1074
2	0.0663	0.9982	-0.4415	0.1320	1.4011	-0.4466	0.2277	3.1523	-8.6003
0	0.0921	-1.1191	-0.0868	0.3300	-0.5383	0.3065	0.0270	2.4804	9.5228
1	-0.3719	2.9390	-2.9884	-0.0044	-0.5220	-1.0180	-8.4265	-3.3523	0.1410
2	0.0673	1.0423	-0.4578	0.3867	0.7339	-0.3290	-0.0897	1.1927	-8.7991
0	0.0886	-1.1363	-0.0945	0.1417	-0.2085	-0.0249	-0.2764	2.1509	9.8564
1	-0.3451	2.9287	-2.9930	0.1069	-0.2980	-0.4790	-8.8318	-4.2767	-0.1584
2	0.0733	1.0638	-0.4686	0.2265	0.4137	-0.0448	0.4367	0.8466	-10.0161
0	0.0830	-1.1297	-0.0907	0.1677	0.4056	-0.2102	-0.4437	2.3590	9.9070
1	-0.3358	2.9161	-2.9781	0.1472	-0.0139	-0.0377	-8.9889	-4.8922	-0.5837
2	0.0781	1.0677	-0.4653	0.2073	-0.2677	0.1501	0.7013	0.4714	-10.3044
0	0.0784	-1.0981	-0.0774	-0.1383	0.7106	-0.3516	-0.3749	2.4488	9.8370
1	-0.3499	2.8937	-2.9442	0.1927	0.1537	0.6064	-9.0392	-4.9446	-0.6664
2	0.0830	1.0448	-0.4559	0.0268	-0.7357	0.2653	0.9564	0.8964	-10.5644
0	0.0810	-1.0666	-0.0539	-0.2517	0.7344	-0.4560	-0.7996	3.9046	8.8689
1	-0.3807	2.8797	-2.9086	0.0639	0.4749	0.6603	-9.7748	-4.3770	-0.8788
2	0.0792	1.0133	-0.4358	-0.2291	-0.6664	0.4328	1.1276	1.9075	-10.1949
0	0.0861	-1.0242	-0.0289	-0.4305	1.0256	-0.3708	-0.6013	4.5892	9.1131
1	-0.4153	2.8851	-2.8800	-0.0175	0.5542	0.8084	-9.8055	-3.4280	-0.6348
2	0.0719	0.9777	-0.4123	-0.2824	-0.9451	0.3860	0.9144	2.6324	-9.6129
0	0.0987	-0.9825	-0.0014	-0.4914	0.7815	-0.4126	-0.6262	4.6651	7.5483
1	-0.4589	2.9093	-2.8732	-0.2526	0.6364	0.9058	-10.1274	-2.6088	-0.5247
2	0.0563	0.9332	-0.3881	-0.5053	-0.8418	0.3579	0.9180	3.7839	-9.2862
0	0.1110	-0.9318	0.0259	-0.4814	1.5296	-0.1671	-0.1764	6.4348	7.2321
1	-0.4996	2.9646	-2.8925	-0.2206	0.6926	0.8408	-10.2126	-1.6478	-0.2924
2	0.0404	0.8923	-0.3613	-0.5208	-1.1499	0.2786	0.6420	4.2932	-8.7562
0	0.1136	-0.8564	0.0460	-0.0881	1.2454	-0.6919	0.0496	4.3617	5.7651
1	-0.5539	3.0525	-2.9531	-0.3313	0.4310	1.6736	-9.2956	-1.0396	0.4314
2	0.0249	0.8198	-0.3446	-0.1616	-1.7092	0.2791	-0.3756	4.0260	-7.6007
0	0.1063	-0.8189	0.0733	-0.3935	0.7245	-0.2064	-1.2049	9.8473	8.2318
1	-0.6229	3.0438	-2.9174	0.3690	0.6462	0.8882	-10.5272	-0.0423	0.2645
2	0.0317	0.7674	-0.3179	-0.2070	-0.6056	0.5282	0.2619	6.7338	-7.5804
0	0.1195	-0.7696	0.0878	-0.2449	1.2345	-0.0676	0.3241	5.9325	5.8445
1	-0.6588	3.1001	-2.9430	-0.4276	0.3777	0.8995	-12.0272	1.0158	-0.1126
2	0.0193	0.7278	-0.2997	-0.3937	-1.1016	-0.0556	0.7849	7.6004	-8.5380
0	0.1196	-0.7109	0.1071	-0.3476	1.0243	-0.3560	0.1545	6.3931	6.6870
1	-0.6805	-1.1157	1.2897	-0.0758	0.3169	1.1753	-9.9196	0.3462	0.7636
2	0.0094	0.6672	-0.2857	-0.2304	-1.0681	0.2999	-0.5434	5.2566	-7.1295
0	0.1201	-0.6472	0.1290	-0.2689	1.7053	-0.3081	0.0572	6.6988	6.0194
1	-0.6297	-0.3799	0.5803	-0.1680	0.5455	1.1348	-9.9716	0.3012	0.3889
2	0.0037	0.6114	-0.2628	-0.3146	-1.5138	0.2187	-0.0251	5.4887	-7.2761
0	0.1093	-0.5708	0.1561	-0.2781	1.2307	-0.5416	-0.2406	8.0214	4.4457
1	-0.5625	-0.2619	0.4877	-0.0190	0.5827	1.5711	-9.3676	0.8604	0.4480
2	0.0029	0.5337	-0.2400	-0.2565	-1.4388	0.5046	-0.1824	6.0683	-6.4243
0	0.0953	-0.5087	0.1771	-0.0859	1.6687	-0.4800	-0.3382	9.1019	5.1749
1	-0.4967	-0.1651	0.4234	0.0805	0.6354	1.0879	-10.2921	2.6514	0.5410
2	0.0107	0.4700	-0.2144	-0.1178	-1.3829	0.4483	-0.3063	7.7665	-5.5508
0	0.0790	-0.4183	0.1919	-0.0625	2.1261	-0.4592	-0.1566	8.9120	4.0262
1	-0.4336	-0.1073	0.3911	0.1225	0.5230	1.8468	-9.5795	2.9302	0.5649
2	0.0200	0.3837	-0.1980	-0.0788	-2.1572	0.3597	-0.1465	7.5130	-5.7295
0	0.0621	-0.3054	0.2091	-0.1598	2.4058	-0.4679	-0.3631	8.7817	2.8163
1	-0.3405	-0.0646	0.3724	0.0980	0.5120	2.0559	-9.9212	3.6328	0.5360
2	0.0278	0.2825	-0.1826	-0.1915	-2.3146	0.3027	-0.0235	8.3624	-5.0417
0	0.0412	-0.2122	0.2237	-0.0577	1.5154	-0.5263	-0.7880	9.9177	-0.1884
1	-0.2332	-0.0370	0.3752	0.0986	0.6962	2.0389	-9.2120	4.6222	0.3627
2	0.0376	0.1773	-0.1659	-0.1327	-1.9825	0.4644	-0.1613	8.9489	-3.0016
0	0.0289	-0.1233	0.2292	-0.0951	2.3023	-0.2554	-0.1833	8.4379	2.5048
1	-0.1625	-0.0011	0.3666	0.1395	0.3689	1.3753	-9.5084	6.8324	0.6405
2	0.0481	0.0932	-0.1566	-0.0237	-1.9396	0.0423	0.0354	10.4015	-2.2828
0	0.0095	-0.0401	0.2395	-0.0587	1.5293	-0.6983	-0.6797	8.5384	-1.8008
1	-0.0736	0.0032	0.3809	0.0284	0.5273	2.1629	-7.8914	5.6523	0.0892
2	0.0560	-0.0043	-0.1459	-0.1433	-1.7969	0.4940	0.0371	8.1230	-2.2513
0	-0.0182	0.0609	0.2377	0.0789	2.9778	-0.4724	-1.6981	10.2451	0.9565
1	0.0038	0.0351	0.3764	0.4060	0.6208	1.5430	-7.5302	6.6851	0.0440
2	0.0792	-0.0854	-0.1413	0.1308	-2.5142	0.3688	0.2388	8.9195	-0.4576
0	-0.0502	0.1875	0.2381	-0.0588	1.6989	-0.7240	-1.8361	9.9089	-3.6068
1	0.1214	0.0561	0.3777	0.2338	0.5030	2.9612	-6.3516	7.3047	-0.9392
2	0.0961	-0.2152	-0.1384	-0.0721	-2.4876	0.5540	1.1673	9.2508	0.1975
0	-0.0729	0.2689	0.2343	0.1269	2.0855	-0.3926	-1.9334	9.7946	-2.9348
1	0.2223	0.0864	0.3748	0.3197	0.5269	1.5233	-8.0014	9.3455	-0.8585
2	0.1189	-0.2978	-0.1372	0.0653	-1.7991	0.3182	0.7943	11.6332	1.8169
0	-0.0897	0.3543	0.2261	0.1013	1.7370	-0.4552	-2.0465	9.8867	-3.7495
1	0.3098	0.1007	0.3805	0.1165	0.2724	2.2134	-5.7135	9.4143	-0.7505
2	0.1312	-0.3938	-0.1419	0.1013	-2.0381	0.3360	0.9433	9.7668	2.3002
0	-0.1020	0.4281	0.2203	0.0532	1.6612	-0.2053	-2.0882	9.1192	-3.4286
1	0.3972	0.1123	0.3864	0.1677	0.2638	1.5227	-6.0349	9.7277	-1.1298
2	0.1430	-0.4725	-0.1469	0.0605	-1.5777	0.1325	1.1227	10.6434	2.4532
0	-0.1126	0.5077	0.2154	0.0215	1.4812	-0.2224	-2.3492	8.9244	-4.8985
1	0.4718	0.1173	0.3986	0.0143	0.1871	1.8467	-5.0800	9.3906	-1.1377
2	0.1491	-0.5511	-0.1494	0.0369	-1.6979	0.1538	1.2124	8.8638	3.0095
0	-0.1165	0.5664	0.2142	0.0598	1.2128	0.0293	-2.2157	8.0331	-5.0275
1	0.5472	0.1235	0.4115	-0.0379	0.1396	1.2867	-4.4635	9.7353	-1.3939
2	0.1526	-0.6089	-0.1507	0.0408	-1.1977	-0.0691	1.3277	9.8912	3.6871
0	-0.1213	0.6295	0.2078	0.1432	1.4226	-0.2190	-2.4060	8.4527	-5.1719
1	0.6059	0.1210	0.4282	-0.1047	-0.0006	1.4148	-3.4673	9.6784	-1.3723
2	0.1519	-0.6669	-0.1527	0.1295	-1.3450	0.1257	1.0572	7.9485	4.2064
0	-0.1255	0.6995	0.2024	0.1088	1.4288	-0.0691	-2.3818	7.4020	-6.6580
1	0.6758	0.1236	0.4391	-0.0179	0.0825	1.5196	-2.5402	9.5725	-1.5404
2	0.1552	-0.7391	-0.1591	0.0544	-1.3811	-0.0023	1.3719	8.3930	4.5972
0	-0.1250	0.7763	0.1930	0.2716	1.5330	-0.1462	-2.2048	6.3457	-7.4588
1	0.7446	0.1252	0.4569	-0.1196	0.0092	1.6661	-1.3563	10.0370	-1.4596
2	0.1541	-0.8083	-0.1634	0.2047	-1.6647	-0.0097	1.1383	7.3768	6.0004
0	-0.1273	0.8356	0.1781	0.2429	1.0545	-0.3391	-2.2224	5.9140	-7.4419
1	0.8251	0.1247	0.4716	0.0807	-0.0100	1.6417	-0.5763	9.9829	-1.5386
2	0.1528	-0.8799	-0.1757	0.2518	-1.1842	0.2108	1.0175	7.0739	6.4825
0	-0.1359	0.8838	0.1624	0.0355	0.7341	-0.3439	-2.3145	5.8851	-7.9900
1	0.8865	0.1307	0.4756	0.2051	0.2063	0.9565	-0.2377	9.7562	-1.6617
2	0.1584	-0.9321	-0.1914	0.0989	-0.8713	0.2807	1.4200	6.9980	6.3733
0	-0.1428	0.9158	0.1461	0.3005	0.4643	-0.3687	-2.3217	6.0826	-8.9670
1	0.9236	0.1445	0.4756	0.2230	0.2551	0.6005	0.2282	10.2229	-1.6696
2	0.1671	-0.9667	-0.2057	0.2547	-0.5243	0.3161	0.9437	7.2127	7.5696
0	-0.1377	0.9366	0.1321	0.3204	0.0348	0.0842	-2.4953	7.9930	-8.6457
1	0.9564	0.1499	0.4664	0.3694	-0.1359	0.7504	0.5862	10.7510	-1.3082
2	0.1654	-0.9938	-0.2272	0.3832	-0.2135	-0.0605	1.2332	8.7449	7.7881
0	-0.1286	0.9587	0.1226	0.3061	1.1170	-0.0124	-2.4565	7.2623	-4.9454
1	0.9725	0.1411	0.4596	0.2243	-0.1690	0.1325	-0.4680	11.7561	-1.3939
2	0.1556	-1.0054	-0.2391	0.3565	-0.6201	0.0079	1.2406	7.6510	6.5763
0	-0.1243	1.0327	0.1192	0.0741	1.6518	-0.0062	-1.8965	4.5010	-7.2046
1	1.0143	0.1395	0.4603	0.0336	-0.0280	1.6759	0.8985	8.7112	-1.7212
2	0.1483	-1.0673	-0.2452	0.1075	-1.6537	-0.0960	1.3928	4.9855	5.1319
0	-0.1232	1.1033	0.1201	0.0527	1.2521	0.2236	-2.7055	4.4941	-9.7912
1	1.0924	0.1495	0.4770	-0.0237	0.1516	1.8754	1.4277	8.7405	-1.6634
2	0.1468	-1.1418	-0.2456	0.0270	-1.5456	-0.2065	1.3846	5.6857	7.2019
0	-0.1149	1.1424	0.1257	0.2812	0.4885	0.2082	-1.9338	3.2262	-10.5341
1	1.1554	0.1563	0.4965	-0.0870	-0.1663	0.9468	1.9055	9.7774	-1.7667
2	0.1403	-1.1898	-0.2402	0.2209	-0.6297	-0.2477	1.0938	5.8268	8.8988
0	-0.1010	1.1454	0.1249	0.3384	-0.3982	0.1384	-2.4848	3.9320	-9.6537
1	1.1883	0.1510	0.5013	0.1441	-0.2019	0.3156	3.3290	9.5445	-1.4278
2	0.1275	-1.2058	-0.2445	0.3788	0.2738	-0.0654	0.6394	5.0465	9.4944
0	-0.0897	1.1471	0.1297	0.1775	0.3558	0.2670	-1.5950	5.2609	-7.8343
1	1.1900	0.1419	0.4944	0.0119	-0.2407	0.0592	3.2278	9.3353	-1.7556
2	0.1138	-1.2000	-0.2516	0.2657	-0.1507	-0.2820	1.2848	5.0293	7.8583
0	-0.0841	1.1579	0.1292	0.1547	-0.0652	-0.0648	-1.6100	3.6738	-8.8974
1	1.2054	0.1356	0.4991	0.0163	-0.1465	0.2459	2.3848	9.1906	-1.4539
2	0.1054	-1.2133	-0.2512	0.1739	-0.0767	0.0061	0.5685	5.2562	7.3706
0	-0.0857	1.1571	0.1259	0.0452	-0.1314	0.0072	-2.0548	4.3578	-9.1393
1	1.2088	0.1362	0.4949	0.0804	0.0429	-0.0788	2.5717	9.1002	-1.2525
2	0.1048	-1.2149	-0.2598	0.0835	0.1059	0.0530	0.6616	4.9417	7.8100
0	-0.0865	1.1588	0.1267	0.0289	-0.0074	0.0800	-1.9577	4.0928	-8.8992
1	1.2076	0.1388	0.4922	0.0109	-0.0150	-0.0667	3.0182	9.0675	-1.5351
2	0.1053	-1.2148	-0.2653	0.0697	-0.0026	-0.0379	0.9183	4.8790	7.9080
0	-0.0873	1.1581	0.1292	0.0056	-0.1564	0.0695	-1.8442	4.0281	-9.3046
1	1.2102	0.1406	0.4932	-0.0292	-0.0510	-0.0251	3.0371	8.8956	-1.5258
2	0.1052	-1.2166	-0.2677	0.0572	0.1086	-0.0572	0.8586	4.9142	8.1180
0	-0.0898	1.1508	0.1283	0.0259	-0.3281	-0.0265	-2.0929	4.3193	-9.0511
1	1.2078	0.1413	0.4937	-0.0031	-0.0245	-0.2251	3.1463	9.2014	-1.5143
2	0.1061	-1.2119	-0.2714	0.0628	0.2827	0.0634	0.6415	4.8287	8.3918
0	-0.0914	1.1403	0.1321	-0.0306	-0.2505	0.2206	-2.3445	4.9318	-8.6471
1	1.1963	0.1426	0.4893	-0.0082	-0.0506	-0.3265	2.9383	9.0491	-1.5232
2	0.1075	-1.2022	-0.2768	0.0311	0.2353	-0.1017	1.0145	5.0859	7.8106
0	-0.0919	1.1211	0.1443	-0.0532	-0.7517	0.2204	-1.6926	3.6586	-10.0105
1	1.1837	0.1408	0.4916	-0.2411	-0.1580	-0.4654	2.4696	9.2645	-1.6397
2	0.1080	-1.1886	-0.2709	-0.0882	0.5222	-0.2299	1.0690	5.8084	7.9954
0	-0.0944	1.0766	0.1456	-0.0056	-1.0023	-0.0938	-1.7097	5.0004	-8.4693
1	1.1477	0.1371	0.4930	-0.0222	-0.0973	-1.1472	2.6658	9.6190	-1.3908
2	0.1101	-1.1516	-0.2724	0.0567	0.9575	0.1150	0.3983	5.1770	8.5481
0	-0.0992	1.0271	0.1446	-0.0420	-1.4091	0.0576	-1.8604	5.5121	-9.0106
1	1.0943	0.1352	0.4810	-0.0246	0.0229	-1.2914	2.1372	9.6681	-1.3582
2	0.1164	-1.1092	-0.2812	0.0300	1.1869	0.1196	0.6674	5.9595	7.8516
0	-0.0981	0.9640	0.1413	0.0226	-1.5251	0.0221	-2.2183	7.1328	-7.6814
1	1.0233	0.1322	0.4641	0.1964	-0.0877	-1.6506	1.9981	10.3408	-1.1809
2	0.1186	-1.0488	-0.2910	0.1995	1.4934	0.1555	0.5777	6.6244	8.3265
0	-0.1036	0.8825	0.1522	-0.2671	-2.3069	0.1143	-2.0200	6.2662	-9.1061
1	0.9505	0.1284	0.4415	0.0715	-0.0310	-1.9717	0.2896	10.7349	-1.6389
2	0.1234	-0.9824	-0.2957	-0.1855	1.9681	0.0031	1.6241	8.2898	6.8861
0	-0.1015	0.7947	0.1671	-0.0986	-1.3392	0.6848	-3.0841	9.4296	-5.9525
1	0.8422	0.1289	0.4261	-0.0938	-0.0543	-2.7336	-0.7126	11.1530	-1.6737
2	0.1308	-0.8873	-0.2929	-0.0505	1.8585	-0.2239	1.1397	8.4383	7.3447
0	-0.0926	0.7106	0.1980	-0.3209	-2.5280	0.4804	-1.8505	6.5571	-8.4387
1	0.7515	0.1166	0.4241	-0.5840	-0.4275	-1.7426	-0.7583	10.7561	-1.6734
2	0.1211	-0.8201	-0.2743	-0.3308	2.0655	-0.3924	1.8980	8.1556	5.8109
0	-0.0768	0.6148	0.2142	0.1218	-1.7123	0.5028	-1.6855	7.6744	-5.4147
1	0.6483	0.1051	0.4300	-0.3639	-0.3494	-2.5411	-2.4067	10.3751	-1.4550
2	0.1146	-0.7158	-0.2618	0.1178	2.1471	-0.3876	0.5222	8.2842	6.5455
0	-0.0681	0.5427	0.2251	-0.2715	-1.8584	0.0579	-1.2295	6.5694	-4.1739
1	0.5601	0.0868	0.4272	-0.1487	-0.3051	-1.6273	-1.9749	9.8107	-1.0340
2	0.1024	-0.6444	-0.2609	0.0024	1.6302	-0.1347	0.7853	7.3302	4.4107
0	-0.0772	0.4557	0.2396	-0.2100	-1.5213	0.1647	-2.3010	10.5681	-4.2030
1	0.4857	0.0888	0.4206	-0.0655	0.2190	-2.1243	-3.7544	8.7727	-1.4996
2	0.1139	-0.5545	-0.2552	-0.2009	2.0685	0.2165	1.0949	8.2634	3.2791
0	-0.0680	0.4077	0.2490	-0.0697	-1.2858	0.1984	-1.6165	7.6823	-4.2184
1	0.4117	0.0986	0.4156	-0.2164	-0.1568	-1.0031	-3.4055	9.4548	-0.7188
2	0.1115	-0.4988	-0.2514	0.0652	0.9267	-0.2069	0.8195	8.7157	3.2996
0	-0.0616	0.3396	0.2568	0.0392	-1.4331	0.3563	-2.0225	10.0175	-3.2889
1	0.3610	0.0920	0.4142	-0.0932	-0.1307	-1.6121	-5.4073	9.0060	-1.1989
2	0.1086	-0.4383	-0.2505	0.0563	1.7155	-0.0905	1.0279	9.8320	2.8712
0	-0.0459	0.2829	0.2613	0.0448	-1.3406	0.3550	-1.7606	9.0258	-3.6234
1	0.2973	0.0824	0.4107	-0.1529	-0.3725	-1.1627	-5.1241	8.9741	-0.8459
2	0.0982	-0.3789	-0.2525	0.1431	1.1740	-0.2513	0.8693	9.0729	2.2480
0	-0.0319	0.2212	0.2624	0.1917	-1.4788	0.3469	-1.4590	9.7465	-3.0462
1	0.2413	0.0660	0.4104	-0.1112	-0.3897	-1.5086	-5.6712	8.8785	-0.9165
2	0.0868	-0.3137	-0.2560	0.2123	1.5726	-0.2132	0.7489	9.7340	2.3471
0	-0.0145	0.1528	0.2582	0.1804	-1.8672	0.3766	-1.3162	9.6703	-2.8059
1	0.1805	0.0508	0.4049	-0.0177	-0.5174	-1.4125	-5.8585	8.8577	-0.4988
2	0.0760	-0.2548	-0.2648	0.2759	1.5800	-0.2632	0.4918	9.9362	1.5802
0	0.0080	0.0761	0.2508	0.2982	-1.3938	0.4934	-1.1356	9.5323	-0.8642
1	0.1054	0.0315	0.3973	-0.0482	-0.5970	-1.8421	-7.0311	8.7461	-0.3150
2	0.0619	-0.1728	-0.2770	0.3563	1.6032	-0.4123	0.4439	10.2862	1.0749
0	0.0237	0.0034	0.2438	0.2139	-1.9506	0.3252	-1.0127	10.0780	-0.6918
1	0.0405	0.0057	0.3936	0.0215	-0.5816	-1.5850	-7.0996	7.6683	-0.2845
2	0.0480	-0.1077	-0.2906	0.3001	1.8495	-0.1846	0.3802	9.5334	-0.0824
0	0.0429	-0.0698	0.2360	0.2162	-1.4604	0.5254	-0.7983	10.0616	0.2522
1	-0.0428	-0.0106	0.3839	-0.0400	-0.5387	-1.8318	-8.0726	7.2958	-0.0199
2	0.0385	-0.0250	-0.3032	0.2851	1.6948	-0.3558	0.3165	9.9069	-0.9816
0	0.0636	-0.1432	0.2236	0.2953	-2.0202	0.5439	-0.7312	10.4135	0.6929
1	-0.1075	-0.0385	0.3881	-0.0637	-0.6432	-1.5362	-7.9722	6.6946	0.3136
2	0.0242	0.0414	-0.3176	0.3774	1.8685	-0.3374	-0.0930	9.7952	-1.1562
0	0.0861	-0.2159	0.2068	0.4420	-1.4917	0.5203	0.0565	8.3745	0.9113
1	-0.1914	-0.0742	0.3929	-0.1038	-0.7156	-1.8119	-9.0423	6.5188	0.5066
2	0.0103	0.1212	-0.3359	0.4308	1.6369	-0.5061	-0.1550	9.7867	-1.9456
0	0.0956	-0.2919	0.1814	0.6190	-1.8149	0.3972	-0.6318	9.6956	2.9516
1	-0.2499	-0.1071	0.3980	0.2127	-0.7327	-1.6476	-8.3487	5.4263	0.8056
2	0.0032	0.1970	-0.3635	0.7032	1.9646	-0.1854	-0.8307	8.4784	-2.0946
0	0.1095	-0.3627	0.1536	0.4723	-1.7590	0.2995	0.4113	6.6746	2.1577
1	-0.3325	-0.1247	0.3803	0.1301	-0.7950	-1.6256	-8.9228	4.4430	0.6688
2	0.0001	0.2672	-0.3925	0.5286	1.4526	-0.4063	0.1454	8.1119	-4.3910
0	0.1109	-0.4341	0.1331	0.4902	-1.5133	0.4208	-0.5342	9.9659	5.2752
1	-0.4004	-0.1566	0.3829	0.3053	-0.6040	-1.9123	-9.3311	3.5187	0.5868
2	0.0043	0.3426	-0.4149	0.6234	1.8389	-0.1269	-0.4149	7.8548	-4.0903
0	0.1192	-0.4869	0.1059	0.4829	-1.3839	0.2270	0.4280	6.2021	3.6765
1	-0.4693	-0.1861	0.3841	0.0810	-0.7829	-1.0893	-9.1128	2.8388	0.7053
2	0.0030	0.3964	-0.4391	0.4908	1.0668	-0.3153	-0.0991	7.0852	-5.3479
0	0.1133	-0.5496	0.0864	0.4567	-1.1758	0.2381	-0.7244	9.5549	7.4372
1	-0.5208	-0.2204	0.3898	0.3683	-0.5629	-1.5514	-9.7274	2.0776	0.7270
2	0.0126	0.4613	-0.4580	0.5938	1.4427	0.0059	-0.2994	6.9791	-5.8698
0	0.1211	-0.5956	0.0727	0.1110	-1.4697	0.2398	0.3147	6.4229	4.9895
1	-0.5775	-0.2322	0.3800	-0.0068	-0.5005	-0.9424	-10.4746	0.9746	0.2968
2	0.0147	0.5073	-0.4730	0.2113	1.2020	-0.2227	0.6945	7.2406	-7.7433
0	0.1222	-0.6584	0.0635	0.3680	-1.1522	0.2333	-0.8319	8.8577	6.1950
1	-0.6279	-0.4052	0.5415	0.0412	-0.2815	-1.5525	-10.8556	0.8974	0.4945
2	0.0166	0.5668	-0.4789	0.3276	1.6133	-0.0010	-0.3561	6.8669	-6.3568
0	0.1312	-0.7021	0.0456	0.1401	-1.2276	0.2810	0.4374	5.3799	5.5308
1	-0.6741	-1.0779	1.2008	-0.0578	-0.5474	-0.8553	-9.6605	0.9197	0.8031
2	0.0173	0.6136	-0.4947	0.2293	1.0041	-0.3627	0.1136	6.5343	-7.0296
0	0.1298	-0.7626	0.0377	0.3285	-1.2502	0.0966	-0.3084	7.1678	6.4110
1	-0.6583	3.7698	2.6196	0.1024	-0.2786	-1.3134	-10.2147	0.1096	0.6171
2	0.0181	0.6703	-0.5026	0.3128	1.3896	0.0296	-0.5100	5.7067	-6.7636
0	0.1323	-0.8248	0.0313	-0.0898	-2.1031	0.1640	0.2526	5.4698	7.0207
1	-0.6194	3.3024	-3.2061	0.2002	-0.3716	-1.2187	-10.1068	-0.0388	0.7862
2	0.0246	0.7261	-0.5082	0.1556	1.6194	-0.0563	0.0938	6.3104	-7.7185
0	0.1398	-0.9162	0.0276	0.1219	-1.5660	0.3228	-0.0715	6.2478	7.7571
1	-0.5457	3.1839	-3.0936	0.0571	-0.1527	-2.0567	-11.1332	-0.7662	0.4265
2	0.0235	0.8153	-0.5049	0.1008	1.9804	-0.0321	-0.2411	5.2573	-7.9050
0	0.1456	-0.9673	0.0129	0.1221	-1.1090	0.3247	0.5152	4.1157	8.4570
1	-0.4714	3.1487	-3.0661	-0.0403	-0.4329	-1.2686	-9.3402	-1.5751	1.0472
2	0.0220	0.8784	-0.5135	0.2074	1.1629	-0.2774	-0.4016	3.4654	-8.7089
0	0.1499	-1.0081	0.0050	0.0774	-0.7236	0.1308	0.2634	4.2076	8.9855
1	-0.4322	3.1375	-3.0680	-0.0039	-0.3183	-0.8464	-9.5731	-3.1263	0.6814
2	0.0206	0.9261	-0.5215	0.1267	0.9163	-0.0890	-0.2396	2.8055	-9.4475
0	0.1541	-1.0267	-0.0004	0.0192	-0.2918	0.1063	0.6786	3.6240	8.9175
1	-0.4042	3.1311	-3.0654	-0.0466	-0.1848	-0.4380	-9.4371	-3.5514	0.6113
2	0.0190	0.9497	-0.5249	0.0718	0.3524	-0.1422	-0.2402	2.5851	-9.7801
0	0.1558	-1.0269	-0.0018	0.0945	0.2729	0.1025	0.1347	5.1817	9.4247
1	-0.3929	3.1425	-3.0773	-0.0125	-0.0488	-0.2279	-9.6680	-3.6816	0.7978
2	0.0165	0.9589	-0.5256	0.0951	0.0269	-0.0144	-0.4456	2.7666	-9.7216
0	0.1634	-0.9965	-0.0049	-0.3041	0.5703	0.1048	0.8829	3.5504	9.2705
1	-0.4029	3.1541	-3.0869	-0.1437	-0.0812	0.6332	-9.7618	-3.5295	0.7376
2	0.0119	0.9366	-0.5288	-0.1044	-0.8025	-0.2108	0.1961	3.0219	-10.5628
0	0.1846	-0.9816	0.0004	-0.2022	0.3581	0.2902	0.3054	5.7065	7.7968
1	-0.4293	3.2118	-3.1376	-0.3540	0.3275	0.0940	-10.7755	-3.2360	0.4229
2	-0.0056	0.9199	-0.5225	-0.3052	-0.0815	-0.1165	-0.1971	4.3476	-9.7100
0	0.1919	-0.9644	0.0053	-0.1231	0.0171	-0.2577	1.0640	3.6556	7.2604
1	-0.4411	3.2981	-3.2142	-0.2399	0.0260	0.5117	-9.8341	-2.3478	1.2488
2	-0.0191	0.9008	-0.5230	-0.0834	-0.3135	0.0959	-0.9152	3.4378	-8.5460
0	0.1897	-0.9575	0.0176	-0.0432	0.2211	-0.2226	0.6015	5.1977	8.6432
1	-0.4517	3.3286	-3.2300	0.1372	0.2712	-0.0492	-9.9115	-2.4460	1.0782
2	-0.0200	0.8953	-0.5091	0.0293	-0.0968	0.2518	-0.8976	3.7886	-8.5060
0	0.1880	-0.9419	0.0313	-0.1157	0.1957	-0.2366	0.6341	6.0905	7.7540
1	-0.4607	3.3358	-3.2230	0.0920	0.2655	0.2413	-10.0625	-2.4038	1.0345
2	-0.0192	0.8816	-0.4959	-0.0341	-0.2740	0.2864	-0.4483	4.1382	-9.2245
0	0.1850	-0.9336	0.0441	0.0029	-0.0050	-0.3147	0.7089	5.5374	7.6531
1	-0.4737	3.3520	-3.2221	0.1245	0.2397	0.1179	-10.6066	-1.7738	1.0974
2	-0.0187	0.8706	-0.4827	0.0269	-0.0773	0.2700	-0.7349	5.1981	-8.6679
0	0.1805	-0.9220	0.0562	-0.0288	0.2898	-0.1897	0.4294	5.9651	7.8030
1	-0.4817	3.3431	-3.1962	0.1968	0.2389	0.0801	-10.5568	-1.5224	1.2488
2	-0.0143	0.8636	-0.4685	0.0365	-0.2033	0.2524	-0.6924	4.9380	-8.7267
0	0.1779	-0.9113	0.0701	-0.0671	0.1617	-0.2741	0.6067	5.7382	7.6861
1	-0.4960	3.3534	-3.1928	0.1206	0.2174	0.1520	-10.3125	-1.6449	1.0609
2	-0.0129	0.8505	-0.4564	-0.0169	-0.0693	0.2850	-0.5861	4.7108	-8.5846
0	0.1743	-0.8812	0.0799	0.0953	1.0607	-0.1407	0.5364	5.8441	7.2420
1	-0.5063	3.3632	-3.1874	0.0904	0.2430	0.2835	-9.8383	-1.6872	1.1805
2	-0.0114	0.8350	-0.4435	0.0327	-0.5972	0.1672	-0.7323	4.2304	-8.4107
0	0.1659	-0.8201	0.0834	0.1812	1.4273	-0.1981	0.4561	6.3412	7.1289
1	-0.5468	3.4474	-3.2606	0.0927	0.0569	1.2280	-8.7262	-1.4955	1.3691
2	-0.0087	0.7780	-0.4401	0.1954	-1.3823	0.1257	-0.9377	4.0540	-7.7186
0	0.1630	-0.7425	0.0884	-0.0810	1.4600	-0.1089	0.6220	6.2064	5.9665
1	-0.6082	3.6675	-3.4740	0.0764	0.1205	1.5743	-9.7135	-0.7180	1.0829
2	-0.0061	0.7085	-0.4373	-0.0373	-1.5967	0.0044	-0.2558	5.6332	-8.0812
0	0.1595	-0.6687	0.0999	-0.0960	1.5975	-0.2308	0.3949	7.4943	6.4318
1	-0.6449	4.6475	1.8406	-0.0244	0.2591	1.3766	-10.3038	0.3270	0.9460
2	-0.0093	0.6356	-0.4287	-0.0607	-1.4487	0.1730	-0.6166	6.1473	-7.0549
0	0.1589	-0.5969	0.1122	-0.2667	1.3343	-0.1702	0.8712	6.8671	4.4667
1	-0.6098	-0.7458	0.9669	-0.0689	0.3734	1.6691	-10.0602	0.7429	0.9998
2	-0.0120	0.5600	-0.4169	-0.2140	-1.7025	0.0693	-0.4622	6.5285	-6.9101
0	0.1528	-0.5560	0.1308	-0.1258	0.7491	-0.1800	-0.0503	10.0216	5.7150
1	-0.5460	-0.4848	0.7243	0.0205	0.4957	0.6576	-10.7464	1.9316	1.1917
2	-0.0132	0.5089	-0.3991	-0.1077	-0.5803	0.3528	-0.9333	8.1647	-5.7087
0	0.1551	-0.4949	0.1429	-0.1634	1.4063	-0.1826	0.9394	7.2996	4.7426
1	-0.5153	-0.4022	0.6609	-0.1786	0.2752	0.9345	-10.7131	2.4380	1.3438
2	-0.0157	0.4615	-0.3865	-0.1876	-1.3865	0.0160	-0.4728	7.5145	-6.7151
0	0.1499	-0.4377	0.1564	-0.2556	1.2985	-0.2461	0.5315	8.4677	5.0234
1	-0.4497	-0.3329	0.6075	0.0028	0.3951	1.3147	-9.8598	1.9720	1.3015
2	-0.0167	0.3976	-0.3730	-0.1600	-1.3466	0.2442	-1.0288	7.1382	-6.0597
0	0.1498	-0.3757	0.1758	-0.3046	1.1856	-0.1866	0.4421	8.0160	2.5452
1	-0.3898	-0.2825	0.5771	-0.2345	0.4522	1.2545	-10.1054	2.5505	1.2594
2	-0.0193	0.3370	-0.3553	-0.3651	-1.3570	0.1091	-0.5382	8.0054	-5.6454
0	0.1437	-0.3255	0.1902	-0.1204	1.0981	-0.2196	0.3075	9.8130	3.1799
1	-0.3368	-0.2624	0.5778	-0.1159	0.4332	0.7310	-9.7486	3.6048	1.4144
2	-0.0195	0.2848	-0.3386	-0.1307	-0.9809	0.2350	-1.0816	8.6088	-4.1972
0	0.1340	-0.2597	0.2032	-0.1693	1.3735	-0.3507	0.5343	8.6714	2.7072
1	-0.2887	-0.2357	0.5677	-0.0696	0.3544	1.2370	-9.4303	4.4300	1.4416
2	-0.0153	0.2256	-0.3255	-0.1318	-1.3965	0.2418	-0.8651	8.5121	-4.1033
0	0.1183	-0.1996	0.2172	-0.1580	1.3257	-0.3370	-0.1078	10.7438	2.0675
1	-0.2252	-0.2003	0.5504	0.0805	0.5394	1.2620	-9.2400	4.4776	1.2034
2	-0.0049	0.1632	-0.3103	-0.1073	-1.2330	0.4021	-0.7442	8.9951	-3.6311
0	0.1061	-0.1331	0.2319	-0.2646	1.3983	-0.3622	0.3010	8.6821	0.8167
1	-0.1597	-0.1613	0.5349	-0.0664	0.4584	1.4765	-9.2235	5.6422	1.1778
2	0.0045	0.0936	-0.2952	-0.2121	-1.4609	0.2735	-0.4672	9.4071	-2.8863
0	0.0872	-0.0757	0.2445	-0.0303	1.0530	-0.5215	-0.1715	9.3643	-0.9478
1	-0.0948	-0.1342	0.5309	0.0438	0.5774	1.1844	-8.2299	6.0669	1.0613
2	0.0161	0.0321	-0.2798	-0.0800	-1.1348	0.4538	-0.7375	9.4290	-1.1831
0	0.0608	0.0007	0.2430	0.2304	1.9677	-0.6145	0.0088	8.8234	0.3265
1	-0.0419	-0.0940	0.5119	0.3483	0.4464	1.1905	-7.4147	6.9778	1.0463
2	0.0354	-0.0286	-0.2753	0.1914	-1.6984	0.4265	-0.6964	8.9101	-0.5172
0	0.0272	0.0901	0.2434	-0.1324	1.3619	-0.7539	-0.3719	9.6373	-0.7935
1	0.0454	-0.0483	0.4801	0.4340	0.5962	2.0013	-7.0428	6.4171	0.6995
2	0.0601	-0.1271	-0.2773	0.0011	-1.7724	0.6164	-0.1076	9.1195	-1.5719
0	-0.0074	0.1590	0.2432	0.0437	1.7226	-0.7971	-0.8098	9.1095	-0.9547
1	0.1071	0.0170	0.4504	0.8975	1.1228	0.9370	-8.5756	7.4161	0.2661
2	0.0893	-0.1941	-0.2725	0.0899	-1.5771	0.7023	-0.0135	9.8531	-0.2655
0	-0.0402	0.2502	0.2388	-0.0229	1.6742	-0.5593	-1.7271	9.9469	-2.8449
1	0.1710	0.0836	0.4116	0.5586	0.6121	1.7956	-6.3033	7.3228	-0.0585
2	0.1201	-0.2834	-0.2744	0.0280	-1.9021	0.5257	0.7170	9.3419	0.5558
0	-0.0626	0.3214	0.2379	-0.1057	1.4231	-0.3344	-1.9034	10.4708	-2.8231
1	0.2578	0.1096	0.4112	0.2064	0.4941	1.5105	-6.9173	8.6287	-0.7497
2	0.1419	-0.3626	-0.2743	-0.0424	-1.4499	0.3723	1.0358	10.7862	1.4648
0	-0.0772	0.3925	0.2416	-0.0944	1.7238	-0.2093	-1.9541	9.4041	-4.0191
1	0.3200	0.1256	0.4189	0.0458	0.4806	1.4578	-6.7438	9.1864	-0.9475
2	0.1546	-0.4283	-0.2706	-0.1180	-1.5779	0.1829	1.1634	10.3451	1.9012
0	-0.0871	0.4788	0.2406	-0.0220	2.0210	-0.1992	-2.0501	8.4617	-4.1242
1	0.3983	0.1386	0.4346	0.0627	0.2929	1.8102	-4.8505	9.2708	-1.0743
2	0.1615	-0.5159	-0.2682	0.0137	-1.9610	0.0882	0.8716	8.6750	3.4421
0	-0.0999	0.5700	0.2419	-0.1822	1.8079	-0.2454	-2.0407	7.1168	-5.6724
1	0.4885	0.1433	0.4523	-0.0172	0.3101	2.0691	-3.8827	9.2261	-1.4846
2	0.1681	-0.6079	-0.2656	-0.1536	-1.9589	0.1229	1.3620	8.4275	3.6939
0	-0.1179	0.6480	0.2423	-0.1552	1.6611	-0.3653	-2.2015	7.1934	-6.4512
1	0.5746	0.1543	0.4744	-0.0634	0.4488	1.7418	-3.3616	9.3907	-1.6901
2	0.1794	-0.6810	-0.2616	-0.1794	-1.7011	0.2339	1.3148	8.1125	4.5405
0	-0.1386	0.7291	0.2341	-0.0354	1.4249	-0.3967	-2.6403	7.2542	-6.7923
1	0.6522	0.1713	0.4923	0.0417	0.4487	1.6742	-2.3230	9.7365	-1.6432
2	0.1956	-0.7623	-0.2636	-0.0257	-1.4615	0.3389	1.1829	7.9217	5.8479
0	-0.1578	0.7963	0.2236	-0.1086	1.3243	-0.5583	-2.4358	6.4802	-7.2107
1	0.7295	0.1906	0.5043	0.1163	0.3949	1.4836	-1.5778	9.9920	-1.9445
2	0.2110	-0.8311	-0.2712	-0.0612	-1.3810	0.3881	1.5494	7.4921	5.9580
0	-0.1781	0.8577	0.2092	0.0053	1.1221	-0.4231	-2.7262	7.0911	-8.2032
1	0.7955	0.2121	0.5128	0.2644	0.4986	1.3047	-1.1716	10.0069	-2.1325
2	0.2324	-0.8974	-0.2831	-0.0423	-1.2378	0.4761	1.5377	7.4947	6.3575
0	-0.1885	0.9158	0.1946	0.0328	1.0704	-0.3782	-2.6430	5.6906	-7.7108
1	0.8533	0.2302	0.5184	0.2066	0.2250	1.2642	-0.6561	10.4807	-1.7486
2	0.2442	-0.9583	-0.2968	0.0948	-1.1787	0.2830	1.3950	7.4302	7.0104
0	-0.2029	0.9664	0.1804	-0.0060	0.9274	-0.3851	-3.0994	5.8030	-8.6750
1	0.9100	0.2421	0.5286	0.1244	0.3179	1.1343	-0.1575	10.0581	-2.3114
2	0.2565	-1.0097	-0.3097	-0.0122	-0.9744	0.3403	2.0426	6.8188	7.0291
0	-0.2130	1.0079	0.1617	0.1204	0.4743	-0.4630	-3.1725	5.6173	-8.2017
1	0.9616	0.2564	0.5405	0.1415	0.1674	1.0426	0.5449	10.1298	-2.4331
2	0.2665	-1.0516	-0.3238	0.1625	-0.6789	0.3973	1.8187	6.5609	7.7296
0	-0.2209	1.0415	0.1537	-0.0993	0.6797	0.0266	-3.2831	5.2453	-7.9374
1	0.9951	0.2682	0.5390	0.2712	0.2486	0.4711	0.4004	10.0285	-2.5398
2	0.2751	-1.0833	-0.3412	0.0014	-0.6556	0.1112	2.5653	6.9599	6.7015
0	-0.2266	1.0680	0.1535	-0.0150	0.4256	0.0192	-3.4508	5.5188	-8.1835
1	1.0250	0.2790	0.5534	-0.1327	0.0997	0.5704	0.8030	9.4910	-2.6983
2	0.2809	-1.1149	-0.3411	-0.0025	-0.4348	0.0614	2.3401	5.9473	7.1929
0	-0.2280	1.0971	0.1658	-0.1506	0.5709	0.3214	-3.2747	4.5350	-8.6996
1	1.0477	0.2855	0.5677	-0.2545	-0.0334	0.6608	1.4010	9.4391	-2.6306
2	0.2821	-1.1414	-0.3380	-0.1003	-0.7179	-0.3282	2.5112	5.5843	7.1666
0	-0.2240	1.1082	0.1839	0.0388	0.2384	0.3909	-2.7757	3.9375	-8.7649
1	1.0728	0.2895	0.5940	-0.3691	-0.1121	0.4403	1.3050	9.5500	-2.7512
2	0.2787	-1.1592	-0.3230	0.0103	-0.2017	-0.4548	2.0686	6.2866	8.0487
0	-0.2183	1.1264	0.1956	0.0466	0.5690	0.2759	-2.8979	4.4583	-8.1217
1	1.0837	0.2862	0.6118	-0.1539	-0.1558	0.3965	2.0270	9.4901	-2.4285
2	0.2699	-1.1706	-0.3132	0.0686	-0.4595	-0.3012	1.7046	4.6224	7.8160
0	-0.2168	1.1530	0.2011	0.0293	0.5309	0.0369	-2.7082	3.8890	-9.0175
1	1.1080	0.2879	0.6293	-0.1729	-0.0047	0.7189	2.1810	8.9657	-2.6034
2	0.2645	-1.1954	-0.3074	0.0348	-0.5850	-0.1637	1.8314	4.6728	7.4471
0	-0.2179	1.1766	0.1996	0.0653	0.2916	0.0097	-3.4112	3.6422	-9.5241
1	1.1386	0.2972	0.6444	0.0269	0.0895	0.5326	2.1860	9.2299	-2.5606
2	0.2643	-1.2207	-0.3096	0.0798	-0.4162	0.0026	1.7837	4.8584	8.1234
0	-0.2168	1.1862	0.1975	0.1236	-0.0195	-0.0264	-2.8812	3.0754	-9.1434
1	1.1572	0.3022	0.6489	0.0558	-0.0318	0.1360	2.6334	9.1706	-2.8205
2	0.2621	-1.2341	-0.3139	0.1519	-0.0953	-0.0264	2.0572	4.7134	8.5836
0	-0.2160	1.1910	0.1933	0.0701	-0.0069	-0.0262	-3.1333	3.9726	-8.8732
1	1.1624	0.3029	0.6466	0.1214	-0.0014	-0.0356	2.8441	8.7789	-2.7323
2	0.2595	-1.2403	-0.3226	0.1495	-0.0388	0.0506	2.0114	4.3066	7.8023
0	-0.2173	1.1851	0.1864	0.1166	-0.5316	-0.1905	-2.9144	3.3236	-9.7377
1	1.1660	0.3042	0.6422	0.1058	0.0076	-0.1855	2.4563	9.0478	-2.8325
2	0.2598	-1.2414	-0.3306	0.1465	0.3683	0.1748	1.9508	4.8892	8.4374
0	-0.2175	1.1720	0.1785	0.1208	-0.2368	-0.0037	-3.2274	3.9948	-8.4055
1	1.1511	0.3037	0.6264	0.1539	0.0331	-0.5565	2.8315	9.2326	-2.6854
2	0.2599	-1.2266	-0.3462	0.1905	0.3072	0.0533	1.8734	4.4612	8.3672
0	-0.2168	1.1594	0.1730	0.1608	-0.5502	-0.0661	-3.3053	4.1087	-9.6863
1	1.1410	0.2991	0.6174	0.0882	-0.0527	-0.2974	2.7740	8.6641	-2.8136
2	0.2580	-1.2192	-0.3551	0.1684	0.4222	0.1164	2.1267	4.3951	7.8518
0	-0.2090	1.1310	0.1653	0.2908	-0.7593	-0.0242	-3.2276	4.0393	-8.5008
1	1.1232	0.2936	0.6028	0.1963	-0.1696	-0.7690	2.3720	9.2477	-2.7244
2	0.2533	-1.1969	-0.3687	0.3714	0.7529	0.0788	1.8804	5.1406	8.5400
0	-0.2040	1.0997	0.1581	0.1793	-0.9613	-0.0582	-3.0396	4.6378	-8.4616
1	1.0965	0.2821	0.5806	0.2397	-0.1840	-0.8036	2.3193	9.1891	-2.7454
2	0.2458	-1.1696	-0.3830	0.2918	0.8555	0.1270	2.1505	4.8384	7.7839
0	-0.2007	1.0545	0.1527	0.1930	-1.5424	-0.0366	-2.8885	4.9061	-9.1325
1	1.0644	0.2739	0.5573	0.2418	-0.1362	-1.1045	1.5454	9.2493	-2.7018
2	0.2425	-1.1309	-0.3972	0.2931	1.3408	0.1438	1.9172	5.9941	7.7169
0	-0.1939	0.9886	0.1485	0.2320	-1.5148	0.1290	-3.0926	6.1736	-7.7609
1	1.0119	0.2630	0.5253	0.3230	-0.2085	-1.6494	0.8890	10.0056	-2.3735
2	0.2376	-1.0690	-0.4124	0.3567	1.5665	0.0371	1.7982	6.5726	7.8167
0	-0.1837	0.9217	0.1498	0.2103	-1.4909	0.1665	-2.7643	5.6376	-7.7319
1	0.9529	0.2495	0.4932	0.1475	-0.3272	-1.5509	0.8067	9.9128	-2.3928
2	0.2289	-1.0095	-0.4214	0.3042	1.4827	-0.0799	1.9740	6.4293	7.0363
0	-0.1763	0.8584	0.1472	0.2578	-1.6862	0.0294	-2.7477	6.0386	-7.7783
1	0.8921	0.2362	0.4665	0.1781	-0.2863	-1.6660	0.3872	9.7619	-2.4330
2	0.2219	-0.9495	-0.4305	0.3171	1.6250	0.0324	1.6774	6.4748	6.9211
0	-0.1684	0.7909	0.1413	0.2516	-1.5109	0.0998	-2.9144	7.1434	-7.2284
1	0.8246	0.2263	0.4336	0.3321	-0.2517	-1.7043	-0.1771	9.9489	-2.2110
2	0.2161	-0.8796	-0.4462	0.3644	1.5123	0.0248	1.6689	6.9661	6.6423
0	-0.1582	0.7155	0.1372	0.3374	-1.9995	0.2105	-3.0780	7.9112	-7.3894
1	0.7578	0.2172	0.3995	0.2876	-0.2875	-1.7975	-1.0786	10.3795	-2.2384
2	0.2091	-0.8113	-0.4599	0.3943	1.9293	-0.0040	1.6759	8.3924	6.4657
0	-0.1375	0.6377	0.1362	0.3715	-1.7084	0.4901	-2.7699	7.7306	-5.9891
1	0.6825	0.2065	0.3663	0.1871	-0.5584	-1.9396	-1.7104	10.6548	-1.9489
2	0.1944	-0.7304	-0.4732	0.4495	1.7603	-0.3528	1.8279	8.5159	5.8395
0	-0.1136	0.5527	0.1312	0.4552	-1.8844	0.2869	-2.5603	7.8929	-4.9860
1	0.6104	0.1841	0.3430	0.1160	-0.6740	-1.8560	-1.9856	10.0369	-2.0355
2	0.1747	-0.6568	-0.4843	0.5290	1.9316	-0.2022	1.5617	8.1111	5.0519
0	-0.0977	0.4862	0.1268	0.2319	-1.6755	0.3464	-2.1742	8.5720	-3.6919
1	0.5329	0.1661	0.3133	0.2188	-0.5964	-1.8299	-2.9988	9.4264	-1.8939
2	0.1600	-0.5802	-0.5010	0.4062	1.7245	-0.2111	1.6914	8.1716	3.7062
0	-0.0808	0.4086	0.1268	0.2602	-1.6544	0.3098	-1.7818	8.5974	-3.8349
1	0.4628	0.1525	0.2923	-0.0072	-0.4706	-1.7523	-3.9967	9.0501	-1.7445
2	0.1483	-0.5102	-0.5087	0.3196	1.7496	-0.2069	1.2594	8.8470	3.0070
0	-0.0670	0.3486	0.1228	0.1931	-1.2366	0.2329	-1.6062	9.1641	-2.1205
1	0.3947	0.1401	0.2760	0.0519	-0.4800	-1.5283	-4.3319	8.9842	-1.1001
2	0.1373	-0.4444	-0.5193	0.3469	1.3515	-0.1675	0.8931	8.5603	2.6020
0	-0.0623	0.2927	0.1244	0.0190	-1.4014	0.0385	-1.5928	9.1503	-2.5431
1	0.3430	0.1296	0.2632	-0.0034	-0.2760	-1.2736	-5.1676	8.4353	-1.1224
2	0.1317	-0.3916	-0.5260	0.1214	1.3760	0.0256	0.9731	9.0487	1.1868
0	-0.0607	0.2381	0.1246	0.1287	-1.3109	0.0551	-1.6333	9.7277	-2.6175
1	0.2806	0.1317	0.2481	0.0792	-0.1120	-1.3660	-6.0708	8.3482	-0.9177
2	0.1343	-0.3351	-0.5289	0.1674	1.2764	0.0507	0.7356	9.4364	1.2892
0	-0.0592	0.1816	0.1214	0.1912	-1.1804	-0.0478	-1.0703	9.3671	-1.2657
1	0.2266	0.1362	0.2300	0.1542	-0.1983	-1.4687	-6.4982	8.6458	-0.6253
2	0.1366	-0.2739	-0.5366	0.2700	1.3888	0.0899	0.5981	9.9985	1.1618
0	-0.0659	0.1516	0.1144	0.1063	-0.4815	-0.2534	-1.1573	8.5264	-0.7517
1	0.1789	0.1441	0.2065	0.3490	-0.1223	-0.7930	-6.3088	7.7770	-0.4304
2	0.1443	-0.2371	-0.5484	0.2987	0.5609	0.2638	0.4139	8.2317	-0.2127
0	-0.0749	0.1316	0.1106	0.1534	-0.5662	0.0102	-2.1938	10.2229	-2.3456
1	0.1611	0.1598	0.1841	0.3102	0.0941	-0.5381	-5.9831	6.9137	-0.7648
2	0.1565	-0.2188	-0.5548	0.2090	0.5353	0.2057	0.9397	8.6745	0.3230
0	-0.0697	0.1049	0.1070	0.0775	-1.0211	0.1945	-1.8224	9.3265	-1.2071
1	0.1410	0.1718	0.1656	0.1127	-0.1986	-0.6072	-6.2777	8.0655	-0.8502
2	0.1572	-0.1962	-0.5620	0.2305	0.8195	-0.0898	1.2291	10.2899	0.7648
0	-0.0611	0.0559	0.1089	0.0948	-1.0680	0.1537	-1.5498	8.8332	-1.3383
1	0.1045	0.1694	0.1544	-0.0926	-0.2153	-1.1532	-7.4107	7.6453	-1.0745
2	0.1528	-0.1553	-0.5645	0.1058	1.1705	-0.1041	1.1926	9.7850	0.0060
0	-0.0560	0.0265	0.1044	0.1684	-0.7210	0.1378	-1.8364	9.6944	-0.0769
1	0.0618	0.1683	0.1448	0.0686	-0.2463	-0.8429	-6.4412	7.1106	-0.7606
2	0.1497	-0.1135	-0.5700	0.2575	0.7171	-0.0760	0.8068	8.6771	-0.1891
0	-0.0519	-0.0133	0.1026	0.1313	-1.0981	0.0631	-1.7362	9.1604	-0.4185
1	0.0335	0.1680	0.1328	0.0426	-0.1931	-0.8833	-7.4657	6.9685	-0.9765
2	0.1480	-0.0819	-0.5750	0.1661	1.0357	-0.0118	1.2217	9.6604	-1.0635
0	-0.0520	-0.0610	0.0951	0.2819	-1.2164	0.0601	-1.9342	10.2655	0.6286
1	-0.0056	0.1746	0.1159	0.1822	-0.2053	-1.1483	-8.0484	6.7531	-0.8137
2	0.1517	-0.0334	-0.5828	0.3660	1.2284	0.0814	0.7593	9.5860	-0.9680
0	-0.0475	-0.1095	0.0868	0.2696	-1.1975	0.1531	-1.5245	9.7201	0.7727
1	-0.0556	0.1903	0.0815	0.1511	-0.3189	-1.1860	-8.4159	6.6746	-0.7017
2	0.1529	0.0124	-0.5934	0.3255	1.1842	-0.0873	1.0965	9.9496	-1.8215
0	-0.0462	-0.1592	0.0731	0.4512	-1.3342	0.0647	-1.6330	9.8306	1.2651
1	-0.1017	0.2006	0.0516	0.2426	-0.3802	-1.1897	-8.8439	6.2960	-0.5537
2	0.1541	0.0581	-0.6061	0.4973	1.2900	0.0174	0.7029	9.6347	-2.1501
0	-0.0402	-0.2063	0.0597	0.2122	-1.1745	0.2646	-1.2979	9.0609	2.5774
1	-0.1474	0.2222	0.0058	0.2462	-0.4750	-1.2051	-9.1490	5.8172	-0.4728
2	0.1574	0.1108	-0.6248	0.3946	1.1679	-0.1742	1.1515	9.6454	-3.2551
0	-0.0366	-0.2628	0.0518	0.2967	-1.5004	0.0757	-1.5473	9.2881	2.1395
1	-0.1915	0.2316	-0.0244	0.1020	-0.3228	-1.3270	-9.4310	4.9838	-0.7022
2	0.1572	0.1638	-0.6340	0.3413	1.4975	0.0360	0.9739	8.9801	-3.4894
0	-0.0353	-0.3235	0.0385	0.2947	-1.1687	0.1669	-1.5399	9.4550	3.7704
1	-0.2462	0.2653	-0.0758	0.2046	-0.3649	-1.4323	-9.3880	4.8279	-0.4594
2	0.1625	0.2224	-0.6454	0.3963	1.3564	-0.0416	0.8487	8.8269	-3.6720
0	-0.0276	-0.3535	0.0261	0.3166	-0.8339	0.3573	-1.5453	8.8472	2.5690
1	-0.2957	0.3005	-0.1313	0.0869	-0.3602	-0.8994	-9.3325	4.1408	-0.6195
2	0.1632	0.2628	-0.6567	0.3230	0.6667	-0.2460	1.2700	8.3486	-4.7211
0	-0.0200	-0.4045	0.0127	0.2410	-1.3493	0.2417	-1.2852	8.7672	4.2468
1	-0.3255	0.3095	-0.1601	0.0767	-0.5091	-1.1619	-10.2620	4.1576	-0.4445
2	0.1594	0.3061	-0.6725	0.3484	1.4852	-0.1429	0.8997	9.2393	-4.2704
0	-0.0130	-0.4316	0.0004	0.3002	-0.0297	0.3024	-1.2942	9.0324	4.8125
1	-0.3727	0.3455	-0.2166	0.0138	-0.3968	-0.9554	-9.8238	3.4744	-0.4598
2	0.1574	0.3477	-0.6837	0.3147	0.3927	-0.2546	0.9400	7.3785	-5.1219
0	-0.0082	-0.4098	-0.0122	0.2279	0.4034	0.1213	-0.8737	7.4507	4.2824
1	-0.3824	0.3370	-0.2228	0.0196	-0.3866	0.3796	-8.6322	2.6175	-0.3321
2	0.1523	0.3378	-0.6966	0.3050	-0.5172	-0.2466	0.7999	6.5848	-5.6576
0	-0.0091	-0.4138	-0.0132	0.0118	-0.5488	0.0177	-1.2085	8.6596	3.9085
1	-0.3600	0.3053	-0.1988	0.1520	-0.1514	0.1178	-9.8163	2.6348	-0.4605
2	0.1521	0.3246	-0.7017	0.1095	0.3918	0.0620	0.8765	8.2175	-5.3042
0	-0.0042	-0.4299	-0.0124	0.0753	-0.3176	0.1262	-1.0374	8.3202	3.8344
1	-0.3740	0.3206	-0.2149	-0.0546	-0.0726	-0.5351	-10.4826	3.2020	-0.2883
2	0.1510	0.3445	-0.6990	0.0800	0.3566	-0.0998	0.7894	8.4044	-5.1833
0	-0.0019	-0.4358	-0.0148	0.0611	-0.0694	0.0745	-1.2417	8.9855	4.5996
1	-0.3881	0.3210	-0.2176	0.0320	-0.1311	-0.3251	-9.7207	3.0428	-0.1048
2	0.1494	0.3537	-0.7005	0.1602	0.1964	-0.0433	0.6647	7.8278	-5.2338
0	0.0012	-0.4309	-0.0143	0.0436	0.1342	0.0796	-1.0474	8.6289	4.2590
1	-0.3904	0.3177	-0.2158	-0.0016	-0.0640	0.0040	-10.0617	3.0530	-0.3748
2	0.1476	0.3530	-0.7005	0.0930	-0.0418	-0.0661	0.8932	8.0898	-5.5745
0	0.0015	-0.4174	-0.0145	0.1283	0.3481	-0.0346	-0.9374	8.4514	3.9962
1	-0.3838	0.3003	-0.1974	-0.0024	-0.0620	0.1679	-9.7886	2.9774	-0.1573
2	0.1454	0.3434	-0.7004	0.1375	-0.2468	-0.0119	0.4795	7.6273	-5.1703
0	-0.0026	-0.3939	-0.0167	0.1854	0.5171	-0.0608	-1.0906	8.6745	3.7507
1	-0.3693	0.2877	-0.1829	0.1361	-0.0373	0.3935	-9.5492	3.0060	-0.0626
2	0.1474	0.3224	-0.7016	0.2101	-0.5027	0.0129	0.5228	7.8141	-5.0769
0	-0.0094	-0.3736	-0.0189	0.1670	0.1990	-0.1009	-1.1969	9.0559	3.4313
1	-0.3436	0.2767	-0.1710	0.2030	-0.0479	0.4339	-9.9174	3.4291	-0.1838
2	0.1514	0.2986	-0.7035	0.2111	-0.2963	0.0897	0.6562	8.4656	-4.8248
0	-0.0149	-0.3666	-0.0199	0.1347	-0.0779	-0.0779	-1.2033	9.1477	3.2822
1	-0.3268	0.2802	-0.1734	0.1763	-0.0226	0.1059	-10.2133	3.8081	-0.2406
2	0.1569	0.2869	-0.7040	0.1936	-0.0633	0.0998	0.7556	8.9452	-4.6507
0	-0.0179	-0.3756	-0.0192	0.0360	-0.3479	-0.0277	-1.3706	9.4757	3.8659
1	-0.3224	0.2927	-0.1846	0.1256	-0.0090	-0.2791	-10.4448	4.0931	-0.2730
2	0.1621	0.2899	-0.7029	0.1182	0.3603	0.1072	0.8080	9.3263	-4.7550
0	-0.0121	-0.3740	-0.0197	0.0898	0.2368	0.2835	-1.2218	9.1454	3.7448
1	-0.3317	0.3065	-0.1964	-0.0171	-0.0138	-0.2301	-10.3384	3.9238	-0.3241
2	0.1613	0.2960	-0.7009	0.0760	-0.0591	-0.2089	0.9222	8.9734	-5.0354
0	-0.0062	-0.3636	-0.0208	0.0260	0.1262	0.0662	-1.0773	8.5567	3.9802
1	-0.3265	0.2760	-0.1675	-0.0981	-0.1547	0.2212	-9.7584	3.6253	-0.1638
2	0.1527	0.2841	-0.7038	0.0824	-0.1324	-0.0944	0.6823	8.0474	-5.0528
0	-0.0047	-0.3542	-0.0183	0.0184	0.0856	0.0077	-1.0302	8.9326	3.6046
1	-0.3173	0.2562	-0.1466	-0.0213	-0.0116	0.1320	-10.0189	3.3023	-0.3400
2	0.1501	0.2761	-0.7018	0.0740	-0.1442	-0.0056	0.6421	8.2475	-4.9708
0	-0.0008	-0.3519	-0.0140	-0.1481	-0.0692	0.1500	-1.1068	9.7391	3.9970
1	-0.3106	0.2472	-0.1335	-0.0296	0.0172	-0.0386	-10.0625	3.7041	-0.1742
2	0.1484	0.2713	-0.6976	-0.0438	0.0612	-0.0439	0.7067	8.8950	-4.8541
0	0.0104	-0.3526	-0.0056	-0.1312	-0.1107	0.1328	-0.9421	9.0769	3.2043
1	-0.3131	0.2292	-0.1093	-0.2553	0.0401	-0.0787	-10.2944	4.0356	-0.1961
2	0.1399	0.2725	-0.6900	-0.1322	0.1102	-0.1227	0.7167	9.1282	-4.8845
0	0.0160	-0.3565	-0.0004	-0.0018	-0.1154	0.0788	-0.8916	9.1574	3.1693
1	-0.3181	0.2054	-0.0792	-0.1171	0.0167	-0.1801	-10.0710	4.0507	-0.0078
2	0.1327	0.2768	-0.6831	0.0176	0.1884	-0.0323	0.3320	8.7662	-4.4103
0	0.0188	-0.3548	-0.0000	0.0995	0.0106	0.0232	-0.7485	8.7008	3.1424
1	-0.3224	0.1953	-0.0662	-0.0448	-0.0583	-0.0848	-9.5377	3.9906	0.1376
2	0.1296	0.2781	-0.6811	0.1106	0.0281	-0.0477	0.2567	8.3703	-4.2948
0	0.0175	-0.3474	-0.0020	0.1746	0.1791	0.0229	-0.9376	9.4372	3.1015
1	-0.3189	0.1901	-0.0612	0.0971	-0.0594	0.0323	-9.3891	3.8728	0.1375
2	0.1300	0.2731	-0.6822	0.1863	-0.0945	-0.0020	0.2151	8.3259	-4.3522
0	0.0160	-0.3313	-0.0092	0.2497	0.2194	0.0366	-0.7219	9.0714	3.2009
1	-0.3091	0.1876	-0.0605	0.1231	-0.1605	0.2212	-9.5215	4.1003	0.1941
2	0.1306	0.2595	-0.6872	0.2864	-0.2459	-0.0548	0.2547	8.6911	-4.2860
0	0.0129	-0.3202	-0.0162	0.2360	0.0923	-0.0086	-0.7717	9.2400	3.2010
1	-0.2934	0.1840	-0.0630	0.1820	-0.1594	0.1765	-9.7898	4.1670	0.0782
2	0.1328	0.2446	-0.6945	0.2923	-0.1545	0.0064	0.3520	8.7892	-4.3276
0	0.0114	-0.3135	-0.0229	0.1681	-0.0215	0.0338	-0.9358	9.0379	3.5197
1	-0.2831	0.1880	-0.0720	0.1692	-0.1752	0.0693	-9.9705	4.2484	0.0328
2	0.1355	0.2362	-0.7008	0.2536	-0.0358	-0.0479	0.4805	9.1032	-4.4914
0	0.0104	-0.3131	-0.0247	0.1067	-0.0870	-0.0014	-1.0361	9.2655	3.3176
1	-0.2764	0.1872	-0.0762	0.1017	-0.1055	-0.0239	-10.0677	4.0760	-0.1576
2	0.1367	0.2338	-0.7038	0.1576	0.0930	0.0186	0.6280	8.8326	-4.6881
0	0.0096	-0.3121	-0.0250	0.0856	-0.0245	-0.0046	-0.9495	9.2278	3.3441
1	-0.2756	0.1896	-0.0793	0.0716	-0.0503	-0.0832	-9.9179	4.0774	-0.1351
2	0.1381	0.2338	-0.7039	0.1351	0.0567	0.0142	0.5526	8.7713	-4.5891
0	0.0083	-0.3104	-0.0244	0.0746	-0.0536	-0.0231	-0.8517	9.1817	3.0234
1	-0.2745	0.1910	-0.0800	0.0742	-0.0290	-0.0471	-9.7981	4.1155	-0.0617
2	0.1395	0.2322	-0.7032	0.1243	0.0536	0.0382	0.4654	8.7754	-4.4574
0	0.0072	-0.3067	-0.0248	0.0954	0.0265	0.0305	-0.8933	9.4683	3.1077
1	-0.2731	0.1942	-0.0819	0.0869	-0.0322	-0.0401	-9.6810	4.2352	0.0083
2	0.1411	0.2303	-0.7025	0.1555	-0.0150	0.0153	0.3967	8.7880	-4.2235
0	0.0074	-0.3028	-0.0256	0.1022	-0.0341	-0.0002	-0.8089	9.1070	2.8900
1	-0.2689	0.1942	-0.0820	0.0633	-0.0706	0.0328	-9.7009	4.3821	0.0405
2	0.1413	0.2256	-0.7031	0.1394	0.0041	-0.0039	0.3978	8.9550	-4.2351
0	0.0068	-0.3001	-0.0266	0.1059	-0.0047	0.0339	-1.0474	9.5382	2.9446
1	-0.2652	0.1935	-0.0815	0.0888	-0.0524	-0.0402	-9.7250	4.3801	0.0422
2	0.1422	0.2231	-0.7035	0.1522	0.0225	0.0061	0.3846	8.9576	-4.2189
0	0.0079	-0.2965	-0.0283	0.0997	-0.0414	0.0735	-0.8734	9.3242	2.9171
1	-0.2618	0.1925	-0.0810	0.0658	-0.0871	0.0100	-9.7688	4.4872	-0.0354
2	0.1423	0.2195	-0.7046	0.1571	0.0056	-0.0396	0.4866	9.1098	-4.1922
