0	0.0000	0.0000	0.0000	0.0000	0.0000	0.0000	0.0000	0.0000	0.0000
1	0.0000	0.0000	0.0000	0.0000	0.0000	0.0000	0.0000	0.0000	0.0000
3	0.0000	0.0000	0.0000	0.0000	0.0000	0.0000	0.0000	0.0000	0.0000
0	-0.0144	-0.0407	0.0562	-0.0026	-0.0145	-0.0305	-0.6684	9.8558	-0.9282
1	-0.0217	-0.0280	-0.1388	0.0291	0.0004	-0.0413	-6.8811	7.6225	0.3652
2	0.0115	-0.0154	0.0177	-0.0064	0.0113	0.0351	-0.2218	9.6407	-0.4269
0	-0.0148	-0.0420	0.0567	-0.0335	-0.0548	-0.0123	-0.6597	9.7879	-0.7503
1	-0.0219	-0.0269	-0.1413	0.0325	0.0060	-0.0560	-7.0289	7.6622	0.3290
2	0.0123	-0.0151	0.0178	-0.0155	0.0533	0.0180	-0.1188	9.8269	-0.5337
0	-0.0152	-0.0428	0.0581	-0.0238	-0.0273	-0.0067	-0.6526	9.7501	-0.9617
1	-0.0234	-0.0266	-0.1425	-0.0042	0.0203	-0.0405	-7.0372	7.5982	0.2639
2	0.0126	-0.0138	0.0190	-0.0334	0.0216	0.0162	-0.1117	9.6707	-0.5250
0	-0.0157	-0.0436	0.0591	-0.0326	-0.0302	-0.0243	-0.6130	9.7618	-0.7295
1	-0.0240	-0.0265	-0.1428	0.0023	0.0110	-0.0498	-6.9287	7.6393	0.3256
2	0.0128	-0.0132	0.0199	-0.0244	0.0348	0.0298	-0.1790	9.6756	-0.4857
0	-0.0162	-0.0441	0.0619	-0.0550	-0.0332	-0.0199	-0.6074	9.6541	-0.9868
1	-0.0249	-0.0259	-0.1436	-0.0187	0.0323	-0.0306	-7.0240	7.5545	0.3219
2	0.0133	-0.0126	0.0218	-0.0684	0.0198	0.0196	-0.1321	9.6630	-0.6359
0	-0.0173	-0.0450	0.0644	-0.0683	-0.0268	-0.0180	-0.6487	9.7269	-0.7978
1	-0.0253	-0.0254	-0.1431	-0.0021	0.0388	-0.0571	-6.9703	7.5919	0.3406
2	0.0141	-0.0118	0.0241	-0.0559	0.0291	0.0383	-0.1878	9.6478	-0.4815
0	-0.0181	-0.0518	0.0679	-0.0767	-0.3838	0.0145	-0.7241	10.1416	-1.2624
1	-0.0263	-0.0244	-0.1429	-0.0302	0.0523	-0.0945	-6.9670	7.5718	0.3205
2	0.0151	-0.0093	0.0273	-0.0887	0.2204	0.0579	-0.1541	9.7573	-0.4982
0	-0.0141	-0.0677	0.0706	-0.0271	-0.2478	0.1260	-0.7503	10.0378	-0.5569
1	-0.0398	-0.0243	-0.1417	-0.0461	-0.0063	-0.4063	-7.3469	7.9671	0.3902
2	0.0145	0.0066	0.0297	-0.0303	0.3576	-0.0607	-0.1614	10.3428	-0.3001
0	-0.0106	-0.0750	0.0732	-0.0880	-0.1050	0.0010	-0.3718	9.2754	-0.1808
1	-0.0517	-0.0316	-0.1373	-0.0943	-0.0890	-0.2146	-7.0510	7.5814	0.2746
2	0.0100	0.0174	0.0308	-0.0616	0.1615	-0.0507	-0.0798	9.3559	-0.9275
0	-0.0109	-0.0758	0.0771	-0.0824	0.0287	0.0182	-0.6054	10.0299	-0.6372
1	-0.0571	-0.0352	-0.1339	-0.0284	0.0680	-0.0535	-7.0095	6.9520	0.2927
2	0.0096	0.0205	0.0342	-0.0900	0.0038	0.0255	-0.2445	9.0926	-1.0781
0	-0.0098	-0.0758	0.0787	0.0002	-0.0624	0.0188	-0.7554	9.9282	-0.8409
1	-0.0563	-0.0359	-0.1317	-0.0299	-0.0141	-0.0115	-7.1490	7.3714	0.4514
2	0.0084	0.0198	0.0366	-0.0218	0.0446	-0.0126	-0.2340	9.7985	-0.6301
0	-0.0081	-0.0792	0.0790	-0.0055	-0.1421	0.0332	-0.5558	9.6583	-0.6412
1	-0.0575	-0.0376	-0.1321	-0.0027	-0.0376	-0.0891	-7.2375	7.6777	0.3152
2	0.0072	0.0219	0.0364	-0.0075	0.1039	-0.0232	-0.1274	9.9074	-0.6388
0	-0.0066	-0.0839	0.0796	-0.0153	-0.0785	0.0089	-0.5364	9.7055	-0.4453
1	-0.0617	-0.0400	-0.1323	-0.0100	-0.0318	-0.1349	-7.2633	7.3775	0.3781
2	0.0058	0.0272	0.0364	-0.0168	0.1037	-0.0096	-0.2202	9.5784	-0.8919
0	-0.0069	-0.0858	0.0796	0.0224	-0.0843	-0.0193	-0.6640	9.9423	-0.5851
1	-0.0647	-0.0415	-0.1326	0.0188	-0.0058	-0.0652	-7.1585	7.2653	0.3936
2	0.0057	0.0293	0.0364	0.0018	0.0404	0.0255	-0.2294	9.5193	-0.9180
0	-0.0054	-0.0895	0.0790	-0.0270	-0.0730	0.0567	-0.5834	9.8184	-0.1151
1	-0.0670	-0.0409	-0.1357	0.0529	-0.0511	-0.1205	-7.4557	7.4292	0.3949
2	0.0057	0.0325	0.0350	0.0102	0.1000	-0.0346	-0.1475	9.9467	-0.9866
0	-0.0044	-0.0937	0.0812	-0.0280	-0.1485	-0.0103	-0.4231	9.8803	-0.7038
1	-0.0703	-0.0448	-0.1355	-0.0340	0.0034	-0.0971	-7.3808	7.2727	0.2832
2	0.0041	0.0364	0.0361	-0.0493	0.1168	0.0262	-0.1832	9.5936	-0.9708
0	-0.0036	-0.0998	0.0814	0.0021	-0.1258	0.0249	-0.4742	9.9952	-0.2961
1	-0.0758	-0.0448	-0.1355	0.0121	-0.0066	-0.1738	-7.3207	7.4431	0.5441
2	0.0043	0.0421	0.0367	0.0058	0.1500	0.0021	-0.4383	9.8326	-0.8138
0	-0.0024	-0.1053	0.0827	-0.0328	-0.1770	0.0200	-0.6156	9.9083	-0.4390
1	-0.0816	-0.0468	-0.1361	-0.0139	-0.0275	-0.1461	-7.4028	7.3997	0.5283
2	0.0035	0.0471	0.0369	-0.0485	0.1282	0.0117	-0.2217	9.7667	-1.0868
0	-0.0015	-0.1153	0.0829	0.0197	-0.2908	-0.0325	-0.4734	9.4116	-0.4082
1	-0.0903	-0.0486	-0.1349	-0.0292	-0.0180	-0.2642	-7.5770	7.3706	0.3886
2	0.0039	0.0545	0.0389	-0.0284	0.2271	0.0346	-0.1610	9.8549	-1.0715
0	-0.0065	-0.1256	0.0817	-0.0416	-0.2098	-0.0700	-1.0298	10.5833	0.1920
1	-0.1031	-0.0496	-0.1350	0.0798	0.0421	-0.4027	-7.6180	7.2002	0.2601
2	0.0084	0.0643	0.0392	0.0013	0.1909	0.2299	-0.1208	9.4842	-1.2398
0	-0.0040	-0.1316	0.0861	-0.1092	-0.1534	0.1039	-0.7982	9.3826	-0.3664
1	-0.1152	-0.0426	-0.1401	-0.0534	0.0325	-0.1623	-7.8131	7.1770	0.2107
2	0.0112	0.0716	0.0423	-0.1227	0.1015	-0.0835	0.2725	10.1212	-1.5648
0	-0.0042	-0.1411	0.0890	-0.0739	-0.2250	-0.0477	-0.6136	9.4515	0.3893
1	-0.1203	-0.0498	-0.1324	-0.0386	-0.0097	-0.2088	-7.6260	7.0167	0.1660
2	0.0083	0.0799	0.0456	-0.0376	0.2532	0.0506	0.0204	9.2065	-1.1130
0	-0.0060	-0.1501	0.0937	-0.1135	-0.1515	-0.0742	-0.4066	9.6159	0.1377
1	-0.1292	-0.0490	-0.1326	-0.0104	0.0530	-0.2214	-7.4595	6.5480	0.1704
2	0.0098	0.0896	0.0486	-0.1000	0.2181	0.0597	-0.0532	9.2048	-1.5718
0	-0.0090	-0.1534	0.0977	-0.0984	-0.0870	-0.0797	-0.3399	9.9939	0.4346
1	-0.1357	-0.0465	-0.1321	0.0159	0.1110	-0.1296	-7.5246	6.7395	0.4147
2	0.0127	0.0948	0.0529	-0.0809	0.0675	0.1018	-0.2860	9.4064	-1.5382
0	-0.0129	-0.1595	0.1042	-0.1766	-0.2039	-0.0994	-0.4841	10.0797	0.2936
1	-0.1396	-0.0421	-0.1329	-0.0012	0.1210	-0.1335	-7.9767	6.8529	0.5589
2	0.0160	0.0987	0.0584	-0.1575	0.1790	0.1366	-0.2507	9.8108	-1.8393
0	-0.0142	-0.1666	0.1116	-0.1304	-0.1310	-0.0066	-0.5854	10.0372	0.1426
1	-0.1469	-0.0378	-0.1313	-0.0623	0.1371	-0.2091	-8.1893	6.9216	0.5039
2	0.0183	0.1064	0.0657	-0.1595	0.1567	0.0511	-0.2081	9.9426	-1.6432
0	-0.0132	-0.1704	0.1177	-0.1893	-0.0539	0.0281	-0.5696	9.9164	0.6975
1	-0.1531	-0.0384	-0.1257	-0.0835	0.0713	-0.1391	-7.8934	6.9122	0.5578
2	0.0177	0.1106	0.0714	-0.1524	0.0786	0.0092	-0.1997	9.7022	-1.7184
0	-0.0117	-0.1744	0.1258	-0.1591	-0.1862	-0.0068	-0.5591	9.5202	-0.1096
1	-0.1559	-0.0416	-0.1179	-0.1468	0.0936	-0.0811	-8.0133	6.6773	0.3704
2	0.0157	0.1129	0.0785	-0.1836	0.1035	0.0053	-0.0912	9.5780	-1.8071
0	-0.0113	-0.1818	0.1311	-0.0952	-0.1307	0.0065	-0.6764	9.9431	0.1598
1	-0.1616	-0.0438	-0.1109	-0.0658	0.0728	-0.2275	-7.9110	6.8195	0.4024
2	0.0153	0.1200	0.0845	-0.1110	0.1914	0.0262	-0.1871	9.6306	-1.3970
0	-0.0108	-0.1840	0.1340	-0.0472	-0.0153	0.0008	-0.6563	9.7364	0.4048
1	-0.1676	-0.0454	-0.1070	-0.0274	0.0195	-0.0944	-7.7153	6.8901	0.3653
2	0.0148	0.1240	0.0875	-0.0578	0.0482	0.0113	-0.1184	9.5442	-1.4901
0	-0.0110	-0.1836	0.1356	-0.0350	-0.0252	-0.0191	-0.6341	9.7692	0.7325
1	-0.1681	-0.0460	-0.1063	0.0008	0.0162	-0.0231	-7.8392	6.7081	0.3265
2	0.0147	0.1237	0.0890	-0.0382	-0.0045	0.0236	-0.0713	9.4835	-1.8034
0	-0.0116	-0.1904	0.1378	-0.0613	-0.3111	-0.0206	-0.6786	9.7298	0.5167
1	-0.1686	-0.0456	-0.1069	0.0020	0.0193	-0.0895	-8.2629	6.5315	0.3063
2	0.0153	0.1259	0.0908	-0.0553	0.2095	0.0486	0.0043	9.7906	-2.0745
0	-0.0113	-0.2023	0.1397	-0.0388	-0.1861	0.0281	-0.7399	10.1752	0.9975
1	-0.1783	-0.0452	-0.1071	0.0015	0.0245	-0.3477	-8.5064	6.5926	0.2903
2	0.0166	0.1382	0.0928	-0.0388	0.2750	0.0255	0.0002	9.7899	-2.0052
0	-0.0095	-0.2043	0.1413	-0.0379	0.0785	0.0065	-0.5071	9.5582	1.0675
1	-0.1893	-0.0474	-0.1051	-0.0536	-0.0146	-0.1444	-8.1103	6.4578	0.3288
2	0.0154	0.1444	0.0941	-0.0431	-0.0055	-0.0142	-0.0199	9.2624	-2.3054
0	-0.0106	-0.1934	0.1422	0.0177	0.3354	-0.0583	-0.5377	9.7308	0.7210
1	-0.1878	-0.0494	-0.1032	-0.0212	0.0574	0.1168	-7.9386	6.1314	0.3325
2	0.0149	0.1402	0.0956	-0.0438	-0.2102	0.0436	-0.1164	8.9965	-2.2496
0	-0.0111	-0.1696	0.1419	-0.0228	0.6937	0.0217	-0.5900	10.0783	0.8262
1	-0.1762	-0.0460	-0.1060	0.0278	0.0323	0.4036	-7.8375	6.2894	0.4168
2	0.0159	0.1216	0.0960	-0.0342	-0.5679	-0.0179	-0.1331	9.2198	-2.0527
0	-0.0099	-0.1357	0.1436	-0.0583	0.7464	-0.0008	-0.6322	9.6687	0.0095
1	-0.1468	-0.0455	-0.1062	-0.0770	0.0274	0.7376	-7.8436	6.5311	0.3727
2	0.0128	0.0905	0.0973	-0.0938	-0.8021	-0.0539	-0.0209	9.4234	-1.8877
0	-0.0083	-0.1052	0.1473	-0.0996	0.5310	0.0821	-0.7354	10.0759	-0.2824
1	-0.1141	-0.0452	-0.1042	-0.0716	0.0661	0.6159	-7.9456	6.9270	0.2933
2	0.0097	0.0566	0.1008	-0.1194	-0.5700	-0.0673	-0.0388	9.9102	-1.3539
0	-0.0049	-0.0840	0.1509	-0.0857	0.4900	0.0691	-0.5944	9.7725	-0.5414
1	-0.0891	-0.0480	-0.0983	-0.1558	0.0301	0.4733	-7.8570	7.2993	0.3155
2	0.0045	0.0324	0.1050	-0.1188	-0.4870	-0.0971	-0.0605	9.9941	-1.0072
0	-0.0016	-0.0586	0.1548	-0.0738	0.6102	0.0684	-0.5069	9.7024	-0.5766
1	-0.0658	-0.0523	-0.0919	-0.1251	0.0229	0.4783	-7.3516	7.3417	0.3518
2	-0.0001	0.0108	0.1085	-0.1130	-0.5163	-0.0872	-0.1704	9.5895	-0.7661
0	0.0011	-0.0213	0.1579	-0.0776	1.1595	0.0463	-0.4797	9.6724	-0.5174
1	-0.0417	-0.0553	-0.0872	-0.1352	0.0329	0.6846	-6.9130	7.2678	0.4168
2	-0.0052	-0.0204	0.1120	-0.1135	-0.8967	-0.1029	-0.2264	9.1486	-0.7100
0	0.0012	0.0392	0.1612	-0.0908	1.4464	-0.0113	-0.4639	9.4198	-1.4361
1	0.0051	-0.0559	-0.0810	-0.1686	0.1339	1.2092	-6.2607	7.2946	0.3612
2	-0.0105	-0.0797	0.1168	-0.1408	-1.3849	-0.0675	-0.2178	8.8654	-0.2764
0	-0.0004	0.1183	0.1651	-0.0534	1.7383	-0.0744	-0.4198	9.0959	-2.7978
1	0.0714	-0.0527	-0.0763	-0.2078	0.1977	1.5439	-5.9639	7.8172	0.3493
2	-0.0137	-0.1522	0.1235	-0.1754	-1.7381	-0.0456	-0.3419	8.9661	0.6662
0	-0.0044	0.1909	0.1649	-0.0101	1.4824	-0.1005	-0.5072	9.2322	-3.3328
1	0.1451	-0.0459	-0.0748	-0.0587	0.1731	1.5992	-5.5523	8.5556	0.5083
2	-0.0142	-0.2307	0.1274	-0.0847	-1.5448	0.0210	-0.5198	9.4304	1.7527
0	-0.0058	0.2573	0.1652	-0.0573	1.6093	0.0375	-0.4963	9.4867	-3.3853
1	0.2125	-0.0384	-0.0779	-0.0368	0.1187	1.4870	-5.3844	8.8920	0.4840
2	-0.0149	-0.2919	0.1290	-0.1037	-1.5485	-0.0768	-0.4367	9.6218	1.9995
0	-0.0060	0.3297	0.1688	-0.1320	1.5274	0.0158	-0.4033	8.7230	-4.1049
1	0.2822	-0.0356	-0.0760	-0.1532	0.0933	1.6012	-4.7596	9.1339	0.4588
2	-0.0190	-0.3633	0.1336	-0.1621	-1.5905	-0.0992	-0.4281	9.2442	2.3971
0	-0.0070	0.3911	0.1756	-0.1545	1.2689	0.0618	-0.5098	8.5498	-5.1059
1	0.3505	-0.0321	-0.0718	-0.2004	0.1431	1.4023	-4.3605	9.2622	0.3926
2	-0.0214	-0.4292	0.1409	-0.2224	-1.3459	-0.1265	-0.4473	9.2651	3.1501
0	-0.0062	0.4554	0.1840	-0.1544	1.4549	0.1405	-0.5778	8.4704	-5.2033
1	0.4096	-0.0299	-0.0644	-0.2433	0.0903	1.2665	-3.6101	9.6769	0.4456
2	-0.0250	-0.4922	0.1497	-0.2064	-1.3558	-0.1921	-0.5323	8.9334	3.8820
0	-0.0051	0.5268	0.1943	-0.1656	1.4320	0.1072	-0.4213	7.4849	-6.1924
1	0.4758	-0.0299	-0.0542	-0.3117	0.0598	1.4921	-2.7081	9.7423	0.3517
2	-0.0301	-0.5573	0.1599	-0.2535	-1.4681	-0.2176	-0.4378	8.4005	4.2733
0	-0.0056	0.5934	0.2017	-0.1264	1.4409	0.0947	-0.5608	7.4537	-6.6011
1	0.5502	-0.0280	-0.0429	-0.2398	0.1057	1.3878	-2.0523	9.8140	0.2896
2	-0.0335	-0.6323	0.1704	-0.1989	-1.3809	-0.1668	-0.6031	7.9941	5.1550
0	-0.0053	0.6612	0.2082	-0.1173	1.5055	0.1294	-0.5360	7.1046	-7.0894
1	0.6132	-0.0255	-0.0354	-0.2382	0.0582	1.5147	-1.1046	9.9598	0.2679
2	-0.0364	-0.6969	0.1776	-0.1832	-1.5320	-0.1980	-0.4993	7.6429	5.6418
0	-0.0057	0.7309	0.2137	-0.0660	1.3295	0.0161	-0.5340	6.1276	-7.7501
1	0.6901	-0.0241	-0.0258	-0.2692	0.0567	1.5192	-0.8509	10.0697	0.2260
2	-0.0397	-0.7698	0.1857	-0.1520	-1.3564	-0.1456	-0.5856	7.3996	6.1611
0	-0.0073	0.7840	0.2145	-0.0483	0.9856	-0.0167	-0.5874	5.7666	-8.2470
1	0.7556	-0.0214	-0.0190	-0.1663	0.0609	1.3228	0.0431	9.9362	0.1397
2	-0.0404	-0.8280	0.1881	-0.1006	-1.1559	-0.0671	-0.6048	6.9156	6.6798
0	-0.0098	0.8213	0.2151	-0.0936	0.8624	-0.0014	-0.7096	5.9773	-7.8516
1	0.8078	-0.0184	-0.0154	-0.1171	0.0572	0.9175	0.3325	9.9265	0.0899
2	-0.0398	-0.8705	0.1875	-0.0981	-0.7939	-0.0215	-0.4885	6.7729	6.9432
0	-0.0120	0.8641	0.2167	-0.0382	1.0377	-0.0152	-0.6233	5.2477	-8.4264
1	0.8458	-0.0154	-0.0112	-0.1851	0.0333	0.9518	1.0389	9.6922	-0.0409
2	-0.0385	-0.9099	0.1880	-0.1011	-0.9745	-0.0686	-0.3817	6.1419	6.9984
0	-0.0131	0.9166	0.2157	-0.0194	1.2467	-0.0211	-0.5866	4.9791	-8.6469
1	0.8989	-0.0118	-0.0061	-0.1285	0.0791	1.2003	1.7542	9.6373	-0.0848
2	-0.0380	-0.9576	0.1871	-0.0754	-1.2099	-0.0427	-0.4711	5.5921	7.4373
0	-0.0140	0.9738	0.2147	-0.0353	1.3363	-0.0408	-0.5161	4.4217	-8.6135
1	0.9527	-0.0074	-0.0031	-0.1256	0.0677	1.3058	2.1681	9.5106	0.0035
2	-0.0379	-1.0143	0.1858	-0.0777	-1.2524	-0.0515	-0.5438	5.3350	7.6462
0	-0.0150	1.0365	0.2115	0.0291	1.4141	-0.0599	-0.5901	4.0775	-9.2829
1	1.0128	-0.0023	0.0012	-0.1346	0.1064	1.4344	2.8219	9.2125	-0.0648
2	-0.0368	-1.0758	0.1840	-0.0587	-1.4190	-0.0163	-0.5908	4.7177	7.9753
0	-0.0143	1.1069	0.2096	-0.0274	1.6062	-0.0074	-0.5667	3.2572	-8.9441
1	1.0830	0.0035	0.0028	-0.0833	0.0511	1.4392	3.1968	9.2272	0.0155
2	-0.0375	-1.1397	0.1816	-0.0563	-1.4829	-0.0898	-0.5867	4.5919	8.2513
0	-0.0160	1.1773	0.2077	-0.0381	1.3781	-0.0236	-0.6629	2.5966	-9.9569
1	1.1524	0.0091	0.0078	-0.1283	0.1076	1.6068	3.8073	8.7312	-0.2219
2	-0.0365	-1.2165	0.1809	-0.1039	-1.5308	-0.0552	-0.4143	3.7824	8.3913
0	-0.0170	1.2299	0.2066	-0.0238	1.0420	-0.0222	-0.6167	1.9509	-9.7048
1	1.2234	0.0175	0.0131	-0.1080	0.0630	1.1959	4.0639	8.6564	-0.2238
2	-0.0347	-1.2751	0.1793	-0.0809	-1.0998	-0.0616	-0.4800	3.6603	8.9593
0	-0.0183	1.2767	0.2069	-0.0479	0.9449	0.1184	-0.7574	2.2570	-9.7125
1	1.2711	0.0226	0.0172	-0.0716	0.0408	0.9612	4.5982	8.1597	-0.2724
2	-0.0328	-1.3239	0.1772	-0.0934	-0.9056	-0.0802	-0.4290	2.9965	8.8972
0	-0.0185	1.3256	0.2129	-0.0227	1.2378	0.1239	-0.6427	1.1983	-9.8637
1	1.3157	0.0265	0.0242	-0.2247	-0.0943	1.0287	5.1658	7.9547	-0.2433
2	-0.0317	-1.3682	0.1807	-0.0980	-1.1494	-0.2270	-0.3883	2.3825	9.0041
0	-0.0188	1.3753	0.2161	-0.0292	1.2067	0.1101	-0.6998	0.5967	-10.2126
1	1.3669	0.0326	0.0361	-0.1863	-0.0064	1.2245	5.8354	7.7467	-0.4424
2	-0.0309	-1.4232	0.1842	-0.1015	-1.2201	-0.1782	-0.3536	1.7176	9.2312
0	-0.0195	1.4267	0.2183	-0.0254	0.8964	0.0555	-0.6501	0.0237	-10.3607
1	1.4201	0.0418	0.0481	-0.1743	0.0261	1.1169	6.1901	7.2757	-0.5030
2	-0.0291	-1.4740	0.1862	-0.0822	-1.0115	-0.1166	-0.4242	1.2514	9.5524
0	-0.0201	1.4720	0.2216	-0.0270	1.0895	0.1253	-0.5660	-0.2149	-10.0063
1	1.4671	0.0518	0.0587	-0.1437	-0.0005	0.9061	6.4716	6.9935	-0.5011
2	-0.0277	-1.5178	0.1861	-0.0695	-1.0416	-0.1709	-0.3547	0.9094	9.4976
0	-0.0212	1.5118	0.2231	-0.0380	0.4542	-0.0017	-0.5247	-1.3185	-10.7580
1	1.5136	0.0625	0.0719	-0.1513	0.0164	0.9505	6.8557	6.7317	-0.5585
2	-0.0256	-1.5670	0.1873	-0.0737	-0.7256	-0.0771	-0.3860	0.5548	9.5852
0	-0.0223	1.5223	0.2215	-0.0356	0.1544	0.0547	-0.6857	-0.1486	-10.1316
1	1.5425	0.0709	0.0787	-0.0077	0.0511	0.2232	6.6065	6.4577	-0.5941
2	-0.0242	-1.5855	0.1819	-0.0383	-0.1678	0.0133	-0.4303	0.5483	9.7384
0	-0.0233	1.5248	0.2219	-0.0179	-0.0837	0.0342	-0.6694	-0.6210	-10.0415
1	1.5493	0.0738	0.0801	-0.0478	-0.0279	0.0463	6.8605	6.4341	-0.5011
2	-0.0234	-1.5908	0.1774	-0.0332	-0.0046	-0.0146	-0.3606	0.4227	9.4504
0	-0.0238	1.5215	0.2221	-0.0053	-0.0983	0.0430	-0.7720	-0.8093	-10.0794
1	1.5508	0.0737	0.0796	-0.0193	-0.0249	-0.0974	6.8632	6.2615	-0.6161
2	-0.0235	-1.5883	0.1724	-0.0146	0.0885	-0.0225	-0.2628	0.1646	9.3692
0	-0.0242	1.5213	0.2232	-0.0141	-0.0315	0.0304	-0.6673	-1.1582	-10.0654
1	1.5479	0.0728	0.0789	-0.0296	-0.0625	-0.0441	7.1758	6.0339	-0.7552
2	-0.0238	-1.5872	0.1684	-0.0250	-0.0308	-0.0494	-0.1465	-0.2228	9.2400
0	-0.0243	1.5161	0.2215	-0.0118	-0.2485	-0.0284	-0.6982	-0.8698	-10.1707
1	1.5480	0.0733	0.0795	0.0239	-0.0163	-0.1303	7.0526	5.9384	-0.7812
2	-0.0241	-1.5857	0.1627	-0.0013	0.1569	0.0437	-0.2585	-0.1240	9.3460
0	-0.0247	1.5040	0.2202	-0.0041	-0.2922	0.0275	-0.6927	-0.6613	-10.1575
1	1.5420	0.0709	0.0744	0.0698	-0.0113	-0.2282	6.8615	6.0670	-0.7393
2	-0.0247	-1.5752	0.1549	-0.0082	0.3133	0.0299	-0.2562	0.1703	9.3977
0	-0.0246	1.4894	0.2181	-0.0378	-0.4259	-0.0426	-0.6579	-0.5956	-10.1325
1	1.5303	0.0678	0.0701	0.0348	-0.0426	-0.3064	7.1337	6.1532	-0.6070
2	-0.0260	-1.5631	0.1480	0.0169	0.3307	0.0688	-0.3638	0.0066	9.4184
0	-0.0262	1.4652	0.2143	-0.0284	-0.5996	-0.0343	-0.7594	-0.0430	-10.2523
1	1.5124	0.0656	0.0630	0.0602	0.0562	-0.5263	6.8452	6.4608	-0.7380
2	-0.0263	-1.5424	0.1364	-0.0038	0.5355	0.1227	-0.2519	0.5270	9.5108
0	-0.0265	1.4403	0.2126	-0.0106	-0.5424	0.0421	-0.8195	0.6768	-9.8932
1	1.4879	0.0631	0.0557	0.0706	-0.0087	-0.6262	6.6783	6.6874	-0.6220
2	-0.0271	-1.5177	0.1265	0.0148	0.5652	0.0696	-0.2839	0.8606	9.4583
0	-0.0271	1.4216	0.2151	-0.0291	-0.2984	0.0823	-0.8181	0.4587	-9.6344
1	1.4634	0.0588	0.0495	-0.0149	-0.0751	-0.4985	6.4237	6.9011	-0.5955
2	-0.0279	-1.4948	0.1204	-0.0043	0.3603	-0.0463	-0.1524	1.0975	9.1490
0	-0.0278	1.4092	0.2183	-0.0254	-0.3206	0.1129	-0.7739	0.2653	-10.0707
1	1.4491	0.0562	0.0484	-0.0202	-0.0705	-0.2672	6.3884	6.8297	-0.7598
2	-0.0280	-1.4834	0.1170	-0.0266	0.2629	-0.0623	-0.1665	1.0542	9.1299
0	-0.0286	1.3874	0.2221	-0.0359	-0.6391	0.1122	-0.7350	0.3972	-10.2314
1	1.4357	0.0536	0.0487	-0.0404	-0.1083	-0.3947	6.1770	6.8859	-0.6534
2	-0.0282	-1.4659	0.1142	-0.0227	0.5470	-0.0493	-0.2453	1.3365	9.2970
0	-0.0291	1.3423	0.2246	-0.0020	-1.3714	0.0248	-0.6753	0.3513	-10.9407
1	1.4112	0.0484	0.0467	0.0229	-0.1639	-0.7348	5.8983	7.1022	-0.5900
2	-0.0286	-1.4340	0.1105	0.0018	1.0508	0.0231	-0.3271	1.6851	9.5059
0	-0.0283	1.2704	0.2262	-0.0365	-1.7492	0.1162	-0.8050	1.7680	-9.9263
1	1.3586	0.0367	0.0356	0.2113	-0.1596	-1.5064	5.5250	7.5884	-0.5034
2	-0.0312	-1.3653	0.1008	0.0651	1.7301	0.0372	-0.3545	2.5676	9.6620
0	-0.0293	1.1849	0.2281	0.0117	-2.1661	-0.0066	-0.7044	1.9958	-10.4977
1	1.2864	0.0232	0.0244	0.0705	-0.1592	-1.8890	5.5166	8.1948	-0.5117
2	-0.0328	-1.2846	0.0930	0.0612	2.1064	0.1322	-0.3348	2.7211	9.5811
0	-0.0268	1.0932	0.2266	0.0702	-1.9703	-0.0412	-0.4845	2.6504	-9.5618
1	1.1960	0.0119	0.0115	0.2126	-0.1583	-2.0704	5.2420	8.5916	-0.3145
2	-0.0360	-1.1953	0.0807	0.1449	1.9913	0.1215	-0.5347	3.0795	9.5076
0	-0.0251	1.0072	0.2196	0.0774	-2.0004	-0.1026	-0.9102	4.6407	-8.6883
1	1.1089	0.0014	-0.0021	0.3415	0.0254	-1.9857	4.5394	8.7922	-0.1981
2	-0.0390	-1.1129	0.0646	0.1797	2.0039	0.3013	-0.5690	3.6322	8.7329
0	-0.0233	0.9243	0.2201	-0.0338	-1.9082	0.0728	-0.6621	4.3137	-8.6507
1	1.0248	-0.0035	-0.0193	0.2541	-0.0658	-1.9369	3.1561	9.1803	-0.1799
2	-0.0405	-1.0289	0.0495	0.0763	1.8276	0.0479	-0.1594	5.3578	7.6152
0	-0.0239	0.8242	0.2175	0.0964	-2.5082	-0.0860	-0.8688	5.6609	-8.4428
1	0.9379	-0.0105	-0.0275	0.2519	-0.0702	-2.3374	2.2050	9.4615	-0.2582
2	-0.0395	-0.9272	0.0364	0.1520	2.5114	0.2883	-0.4237	5.7002	7.8980
0	-0.0193	0.7312	0.2157	0.0386	-1.5139	0.0471	-0.5877	6.1362	-7.0821
1	0.8321	-0.0170	-0.0420	0.2510	-0.2000	-2.1288	1.8409	9.8532	0.0050
2	-0.0414	-0.8286	0.0204	0.1565	1.7697	0.0478	-0.3350	5.9963	7.0530
0	-0.0204	0.6618	0.2125	-0.0058	-1.7665	-0.1096	-0.7579	6.7681	-7.0713
1	0.7519	-0.0264	-0.0482	0.1340	-0.1167	-1.5454	1.3040	9.6354	-0.1568
2	-0.0412	-0.7590	0.0096	0.0801	1.6003	0.2327	-0.2505	6.4467	6.1699
0	-0.0212	0.5846	0.2103	0.0438	-1.7749	-0.0309	-0.7935	7.1696	-6.6954
1	0.6742	-0.0257	-0.0576	0.2189	-0.0238	-1.8318	-0.4377	9.8794	-0.0416
2	-0.0364	-0.6774	-0.0034	0.1054	1.7412	0.1443	-0.3286	7.7208	5.8863
0	-0.0240	0.4863	0.2065	-0.0065	-2.4974	-0.1212	-0.8331	7.5114	-6.4158
1	0.5941	-0.0298	-0.0661	0.2515	-0.1249	-1.9376	-0.9507	10.0339	0.0420
2	-0.0324	-0.5954	-0.0155	0.0936	2.1471	0.2692	-0.2488	8.2210	5.2611
0	-0.0263	0.3681	0.2031	0.0274	-2.6128	-0.0574	-0.8182	8.7645	-4.1848
1	0.4797	-0.0318	-0.0777	0.3065	-0.1036	-2.7683	-2.6286	10.2759	0.0909
2	-0.0245	-0.4840	-0.0289	0.1670	2.7611	0.2638	-0.3249	9.0743	4.8838
0	-0.0288	0.2696	0.2031	-0.0874	-1.9072	-0.0797	-0.6838	8.9041	-3.3667
1	0.3662	-0.0354	-0.0865	0.1934	-0.1367	-2.4214	-2.7431	9.6993	0.0952
2	-0.0175	-0.3722	-0.0398	0.0565	2.1410	0.2071	-0.0683	8.2366	3.0354
0	-0.0345	0.1915	0.2046	-0.0721	-1.5866	-0.1408	-0.7512	9.1944	-3.0415
1	0.2741	-0.0360	-0.0908	0.1387	0.0368	-1.8748	-3.4666	9.0667	0.0048
2	-0.0077	-0.2857	-0.0447	0.0037	1.7564	0.2653	-0.1470	8.5459	2.3075
0	-0.0415	0.1306	0.2041	-0.0334	-1.4053	-0.1962	-0.8711	8.9584	-3.0245
1	0.2012	-0.0312	-0.0971	0.1782	0.0448	-1.4437	-4.1191	8.8541	0.1597
2	0.0031	-0.2188	-0.0493	0.0337	1.3290	0.2709	-0.1566	8.8067	1.9562
0	-0.0491	0.0601	0.2033	0.0085	-1.4442	-0.0949	-1.0126	9.8207	-2.3156
1	0.1391	-0.0247	-0.1069	0.2539	0.0511	-1.5735	-4.9905	8.8135	0.0598
2	0.0148	-0.1578	-0.0536	0.0416	1.5523	0.2776	0.0178	9.6737	1.5066
0	-0.0540	0.0059	0.2003	0.0743	-1.3374	-0.2570	-0.9005	8.6455	-2.3758
1	0.0743	-0.0197	-0.1170	0.1635	-0.0602	-1.3169	-5.3401	8.5592	0.1896
2	0.0234	-0.0979	-0.0586	0.1003	1.1522	0.2400	-0.0009	9.1245	0.9651
0	-0.0664	-0.0763	0.1925	0.1428	-1.7230	-0.1871	-1.1911	10.4581	-0.3813
1	0.0068	-0.0107	-0.1343	0.4382	0.0105	-1.7984	-6.3126	8.2778	-0.0139
2	0.0406	-0.0264	-0.0677	0.2317	1.8465	0.3890	0.0503	9.9139	0.6710
0	-0.0740	-0.1477	0.1848	0.1577	-1.7006	-0.2229	-1.1213	9.1072	-0.0544
1	-0.0763	0.0025	-0.1601	0.3127	-0.1524	-1.6116	-6.9796	7.9666	0.0800
2	0.0544	0.0494	-0.0777	0.2329	1.4970	0.2626	0.3522	9.5620	-0.8353
0	-0.0839	-0.2291	0.1785	0.1508	-1.7978	-0.1834	-1.3646	9.9299	1.3534
1	-0.1472	0.0125	-0.1839	0.4108	-0.1480	-1.8462	-7.9339	7.0613	-0.1457
2	0.0694	0.1240	-0.0859	0.2300	1.9028	0.3252	0.4908	9.7638	-1.6038
0	-0.0922	-0.2962	0.1745	0.1332	-1.7575	-0.2298	-1.3395	9.2530	1.3825
1	-0.2271	0.0283	-0.2132	0.3410	-0.1578	-1.7510	-8.2619	6.5348	-0.1997
2	0.0840	0.2004	-0.0921	0.1868	1.6740	0.3119	0.6525	9.3123	-2.4046
0	-0.1045	-0.3756	0.1690	0.1549	-1.5084	-0.2588	-1.4592	9.1495	2.7037
1	-0.3023	0.0495	-0.2468	0.4096	-0.1317	-1.7413	-8.7186	5.9424	-0.2382
2	0.1001	0.2751	-0.0968	0.2275	1.6742	0.3123	0.6821	9.1654	-2.9783
0	-0.1183	-0.4459	0.1662	0.0910	-1.7432	-0.2439	-1.7629	9.2429	3.3023
1	-0.3714	0.0837	-0.2907	0.4155	-0.0567	-1.5641	-8.9476	5.1110	-0.4706
2	0.1171	0.3431	-0.0991	0.1765	1.6080	0.3652	1.0322	8.8798	-3.9034
0	-0.1263	-0.5217	0.1668	0.0200	-1.5562	-0.0896	-1.7634	9.4907	4.0023
1	-0.4412	0.1312	-0.3451	0.3330	-0.0200	-1.7722	-9.8616	4.7480	-0.6293
2	0.1324	0.4185	-0.0976	0.0769	1.6957	0.2556	1.2524	9.0968	-4.5415
0	-0.1286	-0.6022	0.1670	0.0605	-2.0111	-0.0566	-1.6591	8.0383	3.5062
1	-0.5128	0.1855	-0.4046	0.1456	-0.0482	-1.5219	-9.7132	4.1652	-0.5623
2	0.1404	0.4873	-0.0954	0.0443	1.6765	0.1387	1.1651	8.7056	-4.9847
0	-0.1312	-0.6818	0.1623	0.1453	-1.4570	0.1171	-1.7212	9.1086	5.2999
1	-0.5968	0.2704	-0.4973	0.2781	-0.1571	-1.9375	-10.2559	3.6846	-0.4940
2	0.1509	0.5851	-0.0961	0.1967	1.7279	0.0774	1.0101	8.2305	-5.1396
0	-0.1332	-0.7384	0.1489	0.4544	-1.2933	0.0506	-1.7893	7.2184	3.4815
1	-0.6581	0.3797	-0.6189	0.1200	-0.3187	-1.2095	-9.4216	2.7485	-0.4495
2	0.1562	0.6437	-0.1047	0.3734	1.1953	-0.0591	1.0881	7.2010	-5.6766
0	-0.1500	-0.7964	0.1267	0.6261	-1.5947	-0.0571	-1.9758	6.8464	6.1465
1	-0.6992	0.5755	-0.8376	0.5903	-0.5648	-1.2658	-9.4601	2.5641	-0.4983
2	0.1752	0.7011	-0.1248	0.7426	1.4380	0.0672	0.9772	6.9668	-5.3716
0	-0.1673	-0.8843	0.1129	0.3263	-2.1859	-0.1116	-2.2865	6.6249	6.9131
1	-0.7270	0.9829	-1.2710	0.5775	-0.4656	-1.7036	-10.4966	1.4653	-1.1568
2	0.1999	0.7721	-0.1399	0.4731	1.9481	0.1779	1.9801	6.8651	-7.3738
0	-0.1801	-0.9789	0.1043	0.2897	-1.8083	-0.0120	-2.1836	6.3905	7.8322
1	-0.7245	1.6901	-1.9978	0.4721	-0.3124	-2.0802	-11.3009	0.4905	-1.5197
2	0.2216	0.8698	-0.1446	0.3971	1.9613	0.1354	2.0243	5.9639	-8.0518
0	-0.1881	-1.0591	0.1002	0.1486	-1.8455	-0.0919	-2.2578	5.1179	8.1782
1	-0.6806	2.1247	-2.4469	0.3220	-0.2781	-1.7015	-10.3091	-0.4327	-1.4135
2	0.2373	0.9495	-0.1477	0.2411	1.7776	0.1399	2.1047	4.9760	-8.6834
0	-0.1952	-1.1419	0.1008	0.1163	-1.8904	-0.0664	-2.3983	5.0794	8.4271
1	-0.6160	2.3817	-2.7131	0.3035	-0.1012	-1.8996	-10.7717	-1.4056	-1.7123
2	0.2495	1.0309	-0.1429	0.1721	1.8591	0.2317	2.1701	4.5603	-8.9675
0	-0.2021	-1.2179	0.0989	0.1911	-1.7042	-0.0446	-2.4277	3.9587	8.5268
1	-0.5450	2.5235	-2.8599	0.2995	-0.1577	-1.8164	-10.4254	-1.9364	-1.5902
2	0.2613	1.1135	-0.1372	0.2218	1.7092	0.1530	2.0850	3.8175	-9.0055
0	-0.2104	-1.2908	0.1006	0.1447	-1.5191	-0.1716	-2.6065	3.6773	8.5857
1	-0.4776	2.5968	-2.9379	0.3193	-0.1376	-1.6507	-9.9373	-2.7476	-1.8114
2	0.2742	1.1910	-0.1314	0.1932	1.5902	0.2342	2.4020	2.8924	-9.3031
0	-0.2229	-1.3534	0.1017	0.2770	-1.2657	-0.0418	-2.5523	3.5919	8.8024
1	-0.4132	2.6379	-2.9795	0.3903	-0.1236	-1.4084	-9.5807	-3.0570	-2.0398
2	0.2879	1.2549	-0.1233	0.3241	1.3667	0.1764	2.3288	2.6178	-9.0644
0	-0.2327	-1.3951	0.0965	0.2203	-0.9018	0.0739	-2.8495	2.8003	8.8340
1	-0.3577	2.6533	-2.9989	0.2618	-0.2394	-0.9947	-9.1031	-3.3956	-1.8708
2	0.3027	1.3061	-0.1215	0.2425	0.9182	-0.0041	2.5449	2.1058	-9.3941
0	-0.2442	-1.4353	0.0910	0.2963	-0.8483	-0.0403	-2.7545	1.9336	8.8883
1	-0.3206	2.6598	-3.0110	0.1785	-0.2449	-0.8604	-9.0717	-3.9698	-2.2805
2	0.3136	1.3434	-0.1227	0.2615	0.8799	0.0132	2.7061	1.5768	-9.3593
0	-0.2547	-1.4592	0.0896	0.1420	-0.2346	0.0062	-2.8615	2.4362	9.7237
1	-0.2844	2.6608	-3.0159	0.2865	-0.1864	-0.6962	-8.8424	-4.4245	-2.4349
2	0.3266	1.3752	-0.1200	0.2101	0.4566	0.0540	2.7559	0.9610	-9.6011
0	-0.2590	-1.4730	0.0894	0.0313	-0.4447	-0.0232	-3.1552	2.0980	9.5275
1	-0.2663	2.6556	-3.0090	0.1144	-0.0904	-0.2210	-8.7459	-4.8199	-2.5659
2	0.3334	1.3872	-0.1179	0.0789	0.3561	0.0811	3.0062	1.0564	-10.0829
0	-0.2602	-1.4898	0.0894	0.0250	-0.1222	0.0015	-2.9547	2.1661	9.1352
1	-0.2494	2.6591	-3.0066	0.0778	-0.0311	-0.5048	-9.5321	-4.9328	-2.7339
2	0.3358	1.4074	-0.1134	0.0098	0.3063	0.0522	3.0097	1.0794	-9.9509
0	-0.2607	-1.4888	0.0883	-0.0071	-0.1527	-0.0138	-3.0079	1.0532	8.8964
1	-0.2395	2.6624	-3.0026	0.0207	-0.0309	0.0465	-8.5193	-4.8420	-2.4722
2	0.3375	1.4090	-0.1116	0.0077	-0.0385	-0.0077	2.8124	0.7840	-9.6768
0	-0.2591	-1.4894	0.0890	-0.0302	0.2692	0.0657	-2.9837	2.3508	9.2306
1	-0.2393	2.6614	-2.9938	0.0463	0.0512	-0.1919	-8.9889	-4.9236	-2.6219
2	0.3379	1.4150	-0.1079	-0.0269	-0.0178	0.0196	2.9686	0.9009	-9.7709
0	-0.2573	-1.4801	0.0883	-0.1079	0.0069	-0.0353	-3.0174	1.6591	9.4959
1	-0.2458	2.6586	-2.9811	-0.0343	-0.0300	0.3173	-8.5330	-4.9206	-2.4855
2	0.3377	1.4028	-0.1084	-0.0225	-0.1079	0.0194	2.8787	0.8699	-9.7386
0	-0.2526	-1.4750	0.0885	-0.0878	0.2118	0.0391	-2.9119	2.0478	8.9533
1	-0.2529	2.6577	-2.9685	-0.0583	0.0850	0.0221	-9.2604	-4.9550	-2.7551
2	0.3349	1.4002	-0.1053	-0.1014	-0.1208	-0.0045	3.0523	1.1601	-9.8697
0	-0.2491	-1.4633	0.0882	-0.0739	0.1386	0.0045	-2.8807	1.5938	8.7673
1	-0.2625	2.6586	-2.9586	-0.0638	0.0422	0.2620	-8.7694	-4.7029	-2.4763
2	0.3318	1.3882	-0.1043	-0.0781	-0.3058	0.0004	2.7785	1.0358	-9.5750
0	-0.2439	-1.4553	0.0892	-0.1359	0.2819	0.0344	-2.9622	2.4730	9.3745
1	-0.2735	2.6576	-2.9446	-0.0347	0.0845	0.0601	-9.1958	-4.6718	-2.4655
2	0.3286	1.3809	-0.1009	-0.1116	-0.1777	0.0117	2.8221	1.2983	-9.7161
0	-0.2360	-1.4417	0.0884	-0.1870	0.2082	0.0655	-2.7637	2.1184	8.8878
1	-0.2842	2.6597	-2.9349	-0.1327	0.0853	0.2857	-9.1300	-4.6083	-2.5024
2	0.3228	1.3681	-0.0998	-0.1917	-0.3286	-0.0356	2.8966	1.4446	-9.9651
0	-0.2287	-1.4328	0.0879	-0.1582	0.2092	0.0431	-2.6181	2.3477	9.1138
1	-0.2991	2.6647	-2.9280	-0.1457	0.0885	0.1878	-9.3948	-4.4848	-2.3084
2	0.3156	1.3574	-0.0990	-0.1548	-0.1767	-0.0161	2.6315	1.5582	-9.6531
0	-0.2210	-1.4162	0.0865	-0.1415	0.3092	0.0891	-2.6034	2.1889	8.9182
1	-0.3115	2.6698	-2.9215	-0.1299	0.0642	0.2865	-9.1796	-4.4929	-2.1651
2	0.3093	1.3446	-0.0984	-0.1559	-0.3859	-0.0554	2.5121	1.4665	-9.7240
0	-0.2132	-1.4054	0.0864	-0.1637	0.3006	0.0599	-2.5365	2.8489	8.9987
1	-0.3296	2.6716	-2.9115	-0.1247	0.0862	0.1606	-9.4671	-4.4489	-2.1061
2	0.3021	1.3310	-0.0976	-0.1608	-0.1996	-0.0014	2.4997	1.6536	-9.7427
0	-0.2064	-1.3920	0.0851	-0.1753	0.1275	0.0130	-2.4642	2.2679	8.8733
1	-0.3442	2.6761	-2.9038	-0.1600	0.0502	0.3785	-9.0651	-4.2123	-2.0207
2	0.2958	1.3172	-0.0973	-0.1576	-0.2413	-0.0470	2.4320	1.7575	-9.5483
0	-0.1997	-1.3782	0.0858	-0.1262	0.5302	0.0861	-2.4962	3.3954	8.9457
1	-0.3553	2.6826	-2.8984	-0.0996	0.1180	0.1414	-9.4698	-4.0953	-2.1130
2	0.2887	1.3073	-0.0945	-0.1492	-0.4015	-0.0309	2.4051	1.9021	-9.5145
0	-0.1889	-1.3460	0.0826	-0.3228	0.7137	0.1816	-2.2724	3.4860	9.4717
1	-0.3754	2.6805	-2.8846	-0.1706	0.0394	0.6008	-9.1031	-3.9099	-1.8659
2	0.2815	1.2804	-0.0961	-0.2333	-0.6718	-0.1316	2.4010	2.0499	-9.8497
0	-0.1722	-1.3028	0.0755	-0.2243	1.0934	0.3568	-2.2588	3.5999	8.7246
1	-0.4091	2.6799	-2.8721	-0.4093	0.0881	0.7660	-9.7214	-3.8281	-1.8493
2	0.2665	1.2435	-0.1005	-0.3148	-0.9688	-0.2998	2.2661	2.4912	-9.7874
0	-0.1554	-1.2457	0.0689	-0.2937	1.1461	0.1903	-1.9157	3.5857	8.4934
1	-0.4620	2.6748	-2.8577	-0.4185	0.0232	1.1141	-9.4591	-3.4363	-1.5526
2	0.2494	1.1871	-0.1098	-0.3212	-1.1753	-0.2480	2.0219	2.4447	-9.4830
0	-0.1435	-1.2027	0.0644	-0.1289	0.8027	0.2410	-1.8917	4.0468	8.1081
1	-0.5155	2.6585	-2.8286	-0.3347	0.0989	1.0253	-9.9447	-3.0436	-1.4567
2	0.2331	1.1341	-0.1128	-0.2240	-0.8411	-0.1962	1.6813	3.3347	-9.0808
0	-0.1359	-1.1667	0.0598	-0.1376	0.6720	0.0327	-1.8571	4.5446	8.4138
1	-0.5589	2.6431	-2.8024	-0.2744	0.0012	0.7046	-10.1461	-2.6974	-1.1429
2	0.2236	1.0987	-0.1159	-0.1485	-0.7023	-0.0790	1.6399	3.4782	-8.9325
0	-0.1285	-1.1363	0.0637	-0.2249	0.7208	-0.0038	-1.7683	4.9818	8.2872
1	-0.5927	2.6224	-2.7685	-0.1663	0.1871	0.6302	-10.3231	-2.2923	-1.4151
2	0.2153	1.0658	-0.1109	-0.2327	-0.6975	0.0186	1.8178	3.9394	-9.2326
0	-0.1175	-1.0910	0.0693	-0.3321	1.4056	0.1126	-1.6718	6.3623	8.5417
1	-0.6240	2.5970	-2.7266	-0.2163	0.2431	0.8389	-10.2326	-1.9884	-1.1865
2	0.2052	1.0291	-0.1040	-0.3350	-1.1535	-0.0509	1.6441	4.0427	-9.2069
0	-0.1000	-0.9973	0.0743	-0.3091	2.5480	0.1346	-1.6665	5.7082	8.0366
1	-0.6783	2.5242	-2.6352	-0.4443	0.2594	1.7318	-9.7764	-1.5091	-0.8972
2	0.1874	0.9576	-0.1001	-0.4202	-2.1831	-0.1939	1.4803	4.0845	-8.8600
0	-0.0898	-0.8838	0.0830	-0.3752	2.1313	-0.1977	-1.1384	4.7542	6.5721
1	-0.7641	2.0945	-2.1847	-0.4165	0.2738	2.6369	-9.4506	-1.1346	-0.7961
2	0.1698	0.8481	-0.0958	-0.3931	-2.6222	-0.0539	1.2420	4.2313	-8.2353
0	-0.0845	-0.8113	0.0961	-0.2419	1.8811	0.1158	-1.7334	9.0487	6.1291
1	-0.7727	0.9460	-1.0103	-0.1649	0.4941	1.6717	-11.3007	0.0120	-0.8074
2	0.1597	0.7585	-0.0794	-0.3526	-1.6761	0.0403	1.1017	6.9598	-7.3888
0	-0.0748	-0.6972	0.0975	-0.1048	2.5830	0.0001	-1.1118	6.8878	5.5486
1	-0.7182	0.4349	-0.4794	-0.4156	0.1142	2.1788	-10.4582	1.5317	-0.0669
2	0.1449	0.6654	-0.0756	-0.2093	-2.5076	-0.2105	0.8248	6.8516	-6.7027
0	-0.0765	-0.5964	0.1091	-0.2374	1.6327	-0.1849	-1.2912	8.5799	3.8516
1	-0.6157	0.1897	-0.2183	-0.2674	0.4803	2.0083	-9.7461	2.2690	-0.5132
2	0.1375	0.5509	-0.0676	-0.2612	-1.9941	0.1445	0.8753	7.5760	-5.9483
0	-0.0758	-0.5312	0.1178	-0.1135	1.4160	0.0597	-1.3718	9.4526	3.2796
1	-0.5315	0.1487	-0.1556	-0.0442	0.2941	1.4716	-11.2440	3.3282	-0.2607
2	0.1349	0.4747	-0.0553	-0.1804	-1.4231	-0.0369	0.7250	9.3157	-4.9994
0	-0.0714	-0.4649	0.1202	-0.0973	1.2917	0.0410	-1.1658	8.8824	3.5436
1	-0.4734	0.1157	-0.1121	-0.2034	0.1242	1.2103	-9.9696	4.3328	0.0247
2	0.1281	0.4101	-0.0517	-0.1028	-1.3449	-0.0868	0.6270	8.9734	-4.4047
0	-0.0699	-0.4110	0.1263	-0.1344	1.2579	-0.0121	-1.1491	9.4367	2.8547
1	-0.4163	0.0894	-0.0768	-0.1365	0.1804	1.1880	-9.8172	4.1896	-0.3220
2	0.1229	0.3504	-0.0465	-0.1670	-1.1742	0.0128	0.7065	8.5812	-4.4007
0	-0.0649	-0.3378	0.1300	-0.0924	2.0624	0.1455	-1.1042	9.5891	2.4886
1	-0.3594	0.0773	-0.0550	-0.1784	0.1583	1.4471	-9.1218	4.5022	-0.0694
2	0.1169	0.2867	-0.0415	-0.1563	-1.8962	-0.1826	0.5426	8.4873	-3.8210
0	-0.0604	-0.2391	0.1336	-0.0865	2.0039	0.0262	-0.9478	9.2002	1.0670
1	-0.2786	0.0547	-0.0229	-0.2688	0.1305	2.0473	-8.2814	5.1342	0.0047
2	0.1064	0.1952	-0.0379	-0.1299	-2.0753	-0.1257	0.3937	8.5901	-2.8436
0	-0.0565	-0.1571	0.1381	-0.1358	2.0807	0.1738	-1.1212	10.3349	0.5108
1	-0.1878	0.0445	-0.0027	-0.1506	0.1597	1.9770	-8.4822	6.0053	0.0165
2	0.0989	0.1069	-0.0333	-0.1751	-1.9775	-0.1746	0.3253	9.4532	-2.0747
0	-0.0487	-0.0483	0.1459	-0.1932	2.1543	0.0397	-0.7780	8.9327	-0.8902
1	-0.0978	0.0339	0.0182	-0.3634	0.1297	2.1446	-7.5924	6.9960	0.0984
2	0.0862	0.0097	-0.0262	-0.2416	-2.3441	-0.2230	0.3484	9.3449	-1.3183
0	-0.0493	0.0216	0.1547	-0.1701	0.9867	0.0127	-1.0941	9.8899	-2.7656
1	0.0032	0.0269	0.0407	-0.1876	0.2674	1.7210	-7.5805	7.5229	-0.0199
2	0.0806	-0.0753	-0.0158	-0.2560	-1.5251	-0.0342	0.1380	10.0610	-0.1944
0	-0.0437	0.0508	0.1621	-0.1303	0.3876	0.2134	-0.9860	10.2380	-2.0859
1	0.0561	0.0294	0.0495	-0.1588	0.0746	0.6753	-7.7243	8.7653	0.2398
2	0.0764	-0.1199	-0.0075	-0.1539	-0.4796	-0.1571	0.0429	11.3119	1.0348
0	-0.0344	0.0678	0.1710	-0.1755	0.4275	0.1834	-0.6182	9.2356	-1.8795
1	0.0771	0.0205	0.0625	-0.2858	-0.0405	0.3629	-6.9381	8.7313	0.2092
2	0.0663	-0.1387	-0.0001	-0.2011	-0.3802	-0.2175	0.0936	9.9788	0.4400
0	-0.0269	0.1075	0.1787	-0.1539	1.5436	0.1981	-0.8051	10.1719	-0.8569
1	0.0997	0.0114	0.0766	-0.2005	0.0456	0.6284	-5.9661	7.9552	0.2079
2	0.0580	-0.1616	0.0072	-0.1428	-0.8513	-0.2013	-0.2156	8.8240	0.6522
0	-0.0233	0.2042	0.1922	-0.3089	2.0110	0.0974	-0.6907	8.4958	-3.1430
1	0.1533	0.0051	0.0899	-0.3738	0.1408	1.7772	-4.6441	7.9787	0.0265
2	0.0477	-0.2425	0.0195	-0.3554	-2.1264	-0.1939	0.2037	8.1694	0.5549
0	-0.0258	0.2702	0.2024	-0.1500	1.0257	-0.0744	-0.6313	7.9407	-5.1516
1	0.2492	0.0064	0.1088	-0.3023	0.2795	1.7165	-5.1764	8.5284	0.0323
2	0.0437	-0.3265	0.0344	-0.2816	-1.4165	-0.0588	-0.1870	9.2062	2.2201
0	-0.0302	0.3067	0.2046	-0.0925	0.7215	-0.0205	-0.7311	9.5413	-4.2416
1	0.3077	0.0134	0.1143	0.0097	0.1671	0.8018	-4.7245	9.3840	0.3529
2	0.0462	-0.3714	0.0383	-0.1050	-0.7120	0.0487	-0.4731	9.6403	3.4645
0	-0.0303	0.3458	0.2100	-0.1366	0.9894	0.0388	-0.4945	8.6562	-4.3772
1	0.3405	0.0174	0.1164	-0.1668	0.1090	0.7889	-4.2242	9.6070	0.3426
2	0.0455	-0.4070	0.0417	-0.1607	-0.9147	-0.0827	-0.2459	9.4429	2.9710
0	-0.0313	0.3973	0.2154	-0.1364	1.3800	0.1211	-0.6874	10.0135	-4.1129
1	0.3827	0.0187	0.1241	-0.1368	0.1418	0.9544	-3.6694	9.3714	0.2652
2	0.0447	-0.4517	0.0466	-0.1331	-1.0375	-0.0389	-0.4463	8.8417	3.4067
0	-0.0281	0.4767	0.2261	-0.1859	2.0512	0.1323	-0.5466	7.6926	-5.5927
1	0.4404	0.0212	0.1329	-0.3657	0.0870	1.6580	-2.8311	9.7108	0.3389
2	0.0389	-0.5248	0.0564	-0.2593	-2.0279	-0.2630	-0.1916	8.2725	3.6129
0	-0.0290	0.5614	0.2336	-0.0986	1.4289	0.0866	-0.8412	7.4125	-6.8118
1	0.5301	0.0208	0.1497	-0.2827	0.1422	1.9467	-2.3300	9.7567	0.1175
2	0.0351	-0.6101	0.0662	-0.1931	-1.6447	-0.1257	-0.3878	8.2430	4.7573
0	-0.0268	0.6233	0.2411	-0.1788	1.6705	0.2486	-0.8035	7.9362	-5.9113
1	0.6050	0.0234	0.1608	-0.2516	0.0386	1.4488	-2.0524	9.9763	0.1380
2	0.0314	-0.6762	0.0730	-0.2040	-1.5697	-0.2570	-0.2226	8.2276	5.2367
0	-0.0260	0.6913	0.2545	-0.1938	1.2350	0.1489	-0.6769	6.1739	-7.9303
1	0.6749	0.0230	0.1762	-0.4591	0.0427	1.6639	-1.2177	9.9280	-0.0155
2	0.0267	-0.7471	0.0868	-0.2766	-1.3945	-0.2318	-0.2711	7.6766	5.6928
0	-0.0262	0.7396	0.2637	-0.1137	0.8545	0.1313	-0.6212	6.2679	-7.7853
1	0.7338	0.0269	0.1907	-0.2825	0.0899	1.0940	-0.8334	10.0902	0.0406
2	0.0253	-0.7969	0.0957	-0.1667	-0.8789	-0.1693	-0.5217	7.5559	6.6152
0	-0.0263	0.7743	0.2690	-0.0842	0.6398	0.0710	-0.6380	5.8214	-8.0677
1	0.7789	0.0295	0.2016	-0.2038	0.0434	0.8255	0.1244	9.9827	0.0593
2	0.0234	-0.8375	0.1007	-0.1185	-0.7204	-0.0967	-0.5163	6.8042	6.7508
0	-0.0266	0.7928	0.2740	-0.0996	0.1963	0.0818	-0.6031	5.6737	-8.4855
1	0.8104	0.0316	0.2079	-0.1442	0.0292	0.5048	0.3986	9.7926	0.0295
2	0.0227	-0.8623	0.1029	-0.1177	-0.2984	-0.0885	-0.4326	6.8801	6.8171
0	-0.0260	0.7973	0.2755	0.0388	-0.0310	-0.0255	-0.5412	5.3671	-8.6436
1	0.8245	0.0324	0.2117	-0.0634	-0.0079	0.1197	0.7666	9.9622	0.0362
2	0.0220	-0.8696	0.1026	0.0087	-0.0325	0.0029	-0.6286	6.4996	7.4484
0	-0.0247	0.7914	0.2734	0.0072	-0.3182	0.0120	-0.6414	6.0019	-8.2744
1	0.8264	0.0311	0.2080	0.1080	-0.0123	-0.0864	1.1579	9.8916	0.0368
2	0.0204	-0.8683	0.0956	0.0303	0.1752	0.0377	-0.5160	6.5366	7.1547
0	-0.0222	0.7679	0.2725	0.0608	-0.6481	0.0237	-0.5470	6.1024	-8.1547
1	0.8163	0.0290	0.2013	0.1077	-0.0506	-0.4478	0.5053	9.9683	0.0377
2	0.0188	-0.8514	0.0885	0.0722	0.5470	0.0395	-0.4786	7.0454	7.0086
0	-0.0204	0.7208	0.2681	0.1277	-1.7985	-0.1524	-0.5856	5.3623	-8.9594
1	0.7910	0.0245	0.1922	0.1862	-0.0948	-0.8437	0.3478	10.0249	0.1440
2	0.0165	-0.8192	0.0793	0.1262	1.1271	0.1429	-0.6139	7.1804	6.9886
0	-0.0165	0.6206	0.2587	0.1581	-1.8897	0.0619	-0.6991	8.1466	-6.2340
1	0.7223	0.0189	0.1723	0.5105	-0.1938	-2.0714	-0.7500	10.2875	0.2122
2	0.0160	-0.7207	0.0571	0.2628	2.1146	0.1490	-0.5936	8.0973	6.8265
0	-0.0100	0.5554	0.2543	0.1135	-0.8942	0.0176	-0.3656	8.0318	-5.3951
1	0.6272	0.0084	0.1516	0.2064	-0.2369	-1.5127	-0.4933	10.2168	0.2723
2	0.0116	-0.6448	0.0432	0.1907	1.2083	0.0810	-0.4517	7.1504	5.2311
0	-0.0072	0.5204	0.2526	0.0417	-1.1146	-0.0266	-0.4930	7.0735	-7.1518
1	0.5795	0.0007	0.1412	0.0822	-0.1103	-0.6501	-0.6708	9.5278	0.2683
2	0.0091	-0.6052	0.0332	0.0506	0.7044	0.0562	-0.4358	7.4155	4.5423
0	-0.0042	0.4549	0.2469	0.2031	-1.6442	0.0050	-0.5051	8.2882	-5.7213
1	0.5355	-0.0024	0.1316	0.2809	-0.1269	-1.5036	-2.4966	10.1253	0.4036
2	0.0097	-0.5529	0.0229	0.2205	1.6329	0.1430	-0.7763	9.0324	5.4548
0	-0.0009	0.3943	0.2389	0.1675	-1.2753	-0.1292	-0.2829	7.9645	-4.8969
1	0.4677	-0.0087	0.1163	0.2843	-0.2302	-1.3642	-2.3360	9.9830	0.5715
2	0.0082	-0.4864	0.0076	0.2303	1.3088	0.1553	-0.6781	8.3516	4.4985
0	-0.0031	0.3409	0.2290	0.1233	-1.0098	-0.1495	-0.3949	8.8484	-3.8023
1	0.4161	-0.0118	0.1028	0.3337	-0.0775	-1.2516	-2.6191	9.3897	0.3859
2	0.0123	-0.4312	-0.0078	0.2208	1.2151	0.2451	-0.5540	8.2671	3.4976
0	-0.0062	0.2994	0.2239	0.0751	-1.2278	-0.1352	-0.3953	8.2015	-5.5153
1	0.3665	-0.0105	0.0862	0.2240	-0.0314	-0.8478	-3.1267	9.0977	0.4035
2	0.0181	-0.3871	-0.0199	0.0651	0.8182	0.1840	-0.4353	8.7613	2.7732
0	-0.0091	0.2275	0.2134	0.2097	-1.4388	-0.1116	-0.5551	9.7874	-3.0272
1	0.3138	-0.0084	0.0721	0.3822	-0.0772	-1.5898	-4.3424	9.6391	0.6488
2	0.0260	-0.3217	-0.0341	0.2739	1.6524	0.2803	-0.7436	9.7894	3.4779
0	-0.0117	0.1656	0.2047	0.1231	-1.5508	-0.1593	-0.3986	8.8780	-3.6190
1	0.2426	-0.0064	0.0517	0.2760	-0.1125	-1.2423	-4.2863	9.1783	0.5281
2	0.0324	-0.2574	-0.0494	0.1745	1.2581	0.2303	-0.3400	9.1128	1.8390
0	-0.0168	0.0783	0.1931	0.2118	-1.6374	-0.0925	-0.8067	10.6578	-1.2995
1	0.1722	-0.0026	0.0329	0.4369	-0.0886	-1.8912	-5.6318	9.0028	0.5736
2	0.0431	-0.1779	-0.0643	0.3118	1.9129	0.3005	-0.5022	10.0121	1.7626
0	-0.0167	0.0217	0.1867	0.0722	-1.1931	-0.0823	-0.4985	8.8945	-1.2636
1	0.0948	0.0021	0.0111	0.2512	-0.1745	-1.3700	-5.7003	8.6731	0.4839
2	0.0486	-0.1143	-0.0767	0.1602	1.1399	0.0950	-0.0244	9.4532	0.3596
0	-0.0222	-0.0260	0.1822	0.1155	-0.8523	-0.1704	-0.6538	9.6320	-0.7565
1	0.0429	0.0032	-0.0015	0.2700	-0.0314	-1.1751	-6.2980	7.7519	0.1833
2	0.0558	-0.0633	-0.0836	0.1493	1.0842	0.2391	-0.1100	9.0040	-0.1360
0	-0.0306	-0.0634	0.1769	0.0290	-1.0862	-0.2031	-0.6675	9.2016	-1.0128
1	-0.0021	0.0140	-0.0204	0.2897	-0.0002	-0.7049	-6.1196	7.4044	0.3166
2	0.0668	-0.0259	-0.0914	0.1075	0.7961	0.2700	-0.1086	9.0242	-0.4120
0	-0.0386	-0.1125	0.1778	-0.0599	-0.8156	-0.1281	-0.8380	10.4988	0.3966
1	-0.0458	0.0275	-0.0402	0.2578	0.0850	-1.1955	-7.6383	7.4566	0.2525
2	0.0796	0.0246	-0.0942	0.0137	1.0924	0.2841	0.0917	9.7519	-0.8795
0	-0.0445	-0.1393	0.1802	0.0088	-0.7873	-0.2082	-0.8155	9.2656	-0.9556
1	-0.0876	0.0404	-0.0537	0.0712	0.0980	-0.5905	-6.8233	7.0684	0.2744
2	0.0875	0.0550	-0.0924	-0.0227	0.5662	0.2232	-0.0050	9.0926	-1.2898
0	-0.0516	-0.1849	0.1784	0.0223	-0.8799	-0.0660	-0.8946	10.3967	0.7794
1	-0.1190	0.0537	-0.0677	0.2947	0.0474	-1.0311	-7.8962	7.2359	0.3497
2	0.0986	0.0929	-0.0942	0.0935	1.0185	0.2162	-0.0540	10.2037	-1.0169
0	-0.0550	-0.2154	0.1759	0.0707	-0.7540	-0.1246	-0.8139	9.5393	0.8080
1	-0.1611	0.0666	-0.0861	0.1557	-0.0246	-0.7614	-7.9194	6.9352	0.2792
2	0.1051	0.1287	-0.0971	0.1021	0.6522	0.1642	0.1403	9.3310	-1.9545
0	-0.0592	-0.2519	0.1748	0.0288	-0.5713	-0.0569	-0.8693	9.7855	1.3890
1	-0.1930	0.0781	-0.1033	0.2127	-0.0060	-0.7975	-8.3817	6.3569	0.1481
2	0.1130	0.1631	-0.0998	0.0609	0.7594	0.1410	0.2053	9.5392	-2.3678
0	-0.0636	-0.2683	0.1733	0.0471	-0.5363	-0.2030	-0.8608	8.6289	0.9576
1	-0.2191	0.0883	-0.1182	0.1409	-0.0157	-0.4090	-8.1249	6.0143	0.1803
2	0.1182	0.1848	-0.1018	0.0773	0.3315	0.1532	0.2375	8.8589	-2.5873
0	-0.0746	-0.3087	0.1723	0.0819	-0.8185	-0.1455	-1.3522	10.6064	1.7697
1	-0.2378	0.1025	-0.1354	0.3119	0.0662	-0.7626	-8.5207	5.8265	-0.0648
2	0.1305	0.2151	-0.1025	0.1028	0.9592	0.3196	0.3655	9.7145	-2.4789
0	-0.0777	-0.3264	0.1684	0.1041	-0.1103	-0.0373	-1.2058	9.6114	2.2735
1	-0.2730	0.1275	-0.1647	0.1648	-0.0414	-0.5219	-8.5815	6.0016	0.0419
2	0.1389	0.2434	-0.1053	0.1233	0.2543	0.0638	0.5715	9.3335	-3.1180
0	-0.0814	-0.3258	0.1652	0.0734	0.0955	-0.0751	-1.2092	9.3875	2.2266
1	-0.2795	0.1348	-0.1766	0.1653	-0.0292	-0.0296	-8.5221	5.4711	-0.1716
2	0.1432	0.2465	-0.1094	0.1009	-0.0131	0.0960	0.6513	8.8402	-3.4817
0	-0.0849	-0.3261	0.1640	-0.0124	-0.1921	-0.0808	-1.0214	9.3653	1.8004
1	-0.2746	0.1428	-0.1874	0.1467	0.0037	0.0672	-8.8749	5.1813	-0.2266
2	0.1477	0.2432	-0.1113	0.0358	0.0522	0.1069	0.6286	9.0678	-3.4951
0	-0.0870	-0.3327	0.1646	0.0332	0.0259	-0.0210	-1.1226	9.9041	1.6373
1	-0.2774	0.1520	-0.1974	0.1014	0.0366	-0.1968	-9.1508	5.4993	-0.0851
2	0.1516	0.2505	-0.1104	0.0144	0.1480	0.0818	0.4516	9.3917	-3.0450
0	-0.0895	-0.3222	0.1618	0.0810	0.2944	-0.0837	-1.2466	9.6032	1.7608
1	-0.2781	0.1552	-0.2014	0.0593	-0.0054	0.1123	-8.3828	5.7357	0.0503
2	0.1535	0.2456	-0.1118	0.0931	-0.2910	0.0690	0.3806	8.8973	-2.8080
0	-0.0933	-0.3163	0.1593	0.0572	-0.0406	-0.0650	-1.5065	9.8476	1.6672
1	-0.2650	0.1588	-0.2064	0.1460	-0.0034	0.1629	-8.7404	5.7632	-0.2438
2	0.1571	0.2341	-0.1146	0.0823	-0.0378	0.0929	0.6997	9.5185	-2.9674
0	-0.0946	-0.3142	0.1575	0.0348	0.0931	-0.0064	-1.4738	9.7266	2.1682
1	-0.2600	0.1654	-0.2161	0.1093	-0.0306	0.0123	-9.2506	5.8686	-0.3964
2	0.1603	0.2328	-0.1168	0.0577	-0.0660	0.0307	0.9022	9.6547	-3.1350
0	-0.0951	-0.3138	0.1574	-0.0107	-0.1406	-0.0310	-1.4331	9.6504	1.9730
1	-0.2566	0.1670	-0.2194	0.0332	0.0162	-0.0032	-9.0509	5.6249	-0.4858
2	0.1612	0.2296	-0.1174	0.0022	0.0452	0.0546	0.9274	9.4390	-3.4270
0	-0.0948	-0.3185	0.1592	-0.0758	-0.0249	0.0014	-1.2735	9.5620	2.4289
1	-0.2595	0.1711	-0.2236	0.0502	0.0194	-0.1373	-9.3876	5.5542	-0.4381
2	0.1627	0.2347	-0.1163	-0.0357	0.0862	0.0371	0.8730	9.4601	-3.4984
0	-0.0951	-0.3244	0.1639	-0.0852	-0.3290	-0.0673	-1.2505	9.4923	1.3071
1	-0.2624	0.1723	-0.2229	-0.0430	0.1018	-0.1049	-9.0395	5.3601	-0.3945
2	0.1633	0.2376	-0.1117	-0.0928	0.1836	0.0998	0.7339	9.2619	-3.3721
0	-0.0952	-0.3397	0.1662	-0.0222	-0.2398	0.0487	-1.3154	10.0014	1.9542
1	-0.2734	0.1797	-0.2264	0.0641	0.0668	-0.4040	-9.2224	5.8181	-0.1680
2	0.1660	0.2517	-0.1080	-0.0205	0.3598	0.0620	0.5301	9.6983	-2.8528
0	-0.0927	-0.3412	0.1663	-0.0066	0.0748	-0.0022	-1.0786	8.9270	1.9850
1	-0.2842	0.1821	-0.2296	-0.0298	-0.0308	-0.1502	-8.7231	5.7395	-0.0815
2	0.1648	0.2587	-0.1077	-0.0094	-0.0484	-0.0136	0.5856	9.0027	-3.1654
0	-0.0946	-0.3441	0.1672	-0.0145	-0.1791	-0.0261	-1.3396	9.9669	1.9431
1	-0.2843	0.1806	-0.2276	0.0691	0.0628	-0.0762	-8.5443	5.2564	-0.2475
2	0.1661	0.2578	-0.1067	-0.0080	0.1208	0.1035	0.5837	8.8993	-3.2343
0	-0.0922	-0.3496	0.1670	0.0020	-0.1452	0.0793	-1.2026	9.4880	1.9494
1	-0.2887	0.1874	-0.2343	0.0334	-0.0128	-0.1486	-9.2700	5.5707	-0.1999
2	0.1668	0.2643	-0.1058	-0.0032	0.1299	-0.0207	0.6278	9.6504	-3.2864
0	-0.0909	-0.3654	0.1669	0.0417	-0.6817	-0.0567	-1.3148	9.0060	1.4657
1	-0.2956	0.1853	-0.2343	-0.0071	-0.0251	-0.2731	-9.0786	5.4848	-0.1483
2	0.1655	0.2730	-0.1058	-0.0024	0.4470	0.0731	0.5893	9.3046	-3.2894
0	-0.0942	-0.3952	0.1634	0.0982	-0.5714	0.0082	-1.4082	10.0446	2.8163
1	-0.3206	0.1989	-0.2518	0.2302	-0.0586	-0.7520	-9.4658	5.4025	-0.2400
2	0.1708	0.3011	-0.1066	0.1262	0.7382	0.1515	0.5521	9.4040	-3.1899
0	-0.0972	-0.4283	0.1594	0.0893	-1.0795	-0.1862	-1.2153	8.2519	2.4853
1	-0.3473	0.2154	-0.2750	0.0873	-0.0837	-0.6264	-9.1093	5.1710	-0.2359
2	0.1750	0.3290	-0.1100	0.1036	0.6624	0.0936	0.7701	9.0502	-3.8531
0	-0.1031	-0.4751	0.1596	0.0020	-0.7854	0.0114	-1.5147	10.0972	3.7470
1	-0.3866	0.2487	-0.3162	0.3109	-0.0177	-1.1059	-10.0299	4.6382	-0.5294
2	0.1866	0.3794	-0.1101	0.0584	1.0045	0.1667	0.8868	9.0956	-4.2009
0	-0.1037	-0.5030	0.1589	0.0258	-0.7097	-0.0927	-1.2191	8.3134	3.2471
1	-0.4215	0.2776	-0.3501	0.0379	-0.0480	-0.6430	-9.3046	4.4136	-0.3384
2	0.1893	0.4082	-0.1105	0.0527	0.5774	0.0996	0.8692	8.3619	-4.6425
0	-0.1083	-0.5386	0.1594	0.0374	-0.5282	-0.0599	-1.5331	9.1144	4.0582
1	-0.4500	0.3065	-0.3823	0.1846	0.0004	-0.7292	-9.8161	3.9032	-0.4229
2	0.1961	0.4428	-0.1086	0.0448	0.6666	0.1401	0.8415	8.4926	-4.7518
0	-0.1135	-0.5695	0.1609	0.0056	-1.1197	-0.2129	-1.4073	8.1679	3.4306
1	-0.4756	0.3398	-0.4187	0.1203	-0.0101	-0.6423	-9.7057	3.6874	-0.5113
2	0.2014	0.4676	-0.1068	0.0404	0.7826	0.2071	1.0235	8.4707	-5.0900
0	-0.1212	-0.6204	0.1631	0.0811	-0.6881	-0.0820	-1.5973	9.2111	4.6770
1	-0.5114	0.4025	-0.4841	0.2957	0.0298	-1.1415	-10.6494	3.6392	-0.5808
2	0.2130	0.5198	-0.1022	0.0775	0.9932	0.2241	0.9708	8.6118	-5.1434
0	-0.1299	-0.6598	0.1627	0.0959	-1.2953	-0.2771	-1.5303	7.3822	4.5454
1	-0.5431	0.4715	-0.5564	0.1634	-0.0363	-0.8166	-9.5590	3.2149	-0.3990
2	0.2214	0.5529	-0.1016	0.1534	0.9581	0.2502	0.9446	7.8461	-5.5679
0	-0.1433	-0.7187	0.1649	0.1559	-1.1330	-0.2343	-1.8477	8.7142	5.6378
1	-0.5788	0.5928	-0.6828	0.4369	0.0274	-1.3410	-10.7668	2.6195	-0.7149
2	0.2371	0.6095	-0.0975	0.1911	1.3388	0.3701	1.1905	7.8004	-5.9914
0	-0.1539	-0.7690	0.1657	0.1010	-1.5060	-0.2484	-1.7107	7.1491	5.2148
1	-0.6089	0.7538	-0.8491	0.3047	-0.0541	-1.1109	-10.0177	2.2085	-0.6849
2	0.2514	0.6581	-0.0951	0.1632	1.1926	0.2790	1.3358	7.4399	-6.6324
0	-0.1658	-0.8451	0.1661	0.1965	-1.5696	-0.1208	-2.1635	8.3294	6.3459
1	-0.6360	0.9727	-1.0746	0.4360	-0.0376	-1.6925	-11.0915	1.8266	-0.8112
2	0.2670	0.7276	-0.0907	0.2349	1.7757	0.3115	1.3413	7.6162	-6.5635
0	-0.1748	-0.9105	0.1606	0.2578	-1.4876	-0.0952	-2.1381	6.4351	6.3936
1	-0.6511	1.2920	-1.4043	0.2716	-0.1908	-1.4094	-10.3895	1.4240	-0.8691
2	0.2810	0.7984	-0.0920	0.2735	1.4324	0.1296	1.5647	6.7356	-7.1478
0	-0.1900	-0.9751	0.1545	0.4474	-1.4939	-0.1606	-2.2899	5.7913	6.5977
1	-0.6451	1.5873	-1.7135	0.4173	-0.2512	-1.4252	-10.4314	0.4876	-1.2014
2	0.2979	0.8661	-0.0950	0.4176	1.4669	0.1882	1.7346	5.6800	-7.4777
0	-0.2104	-1.0372	0.1485	0.3396	-1.1701	-0.1201	-2.3184	6.3627	7.9621
1	-0.6156	1.8149	-1.9565	0.5545	-0.2369	-1.3374	-10.1230	-0.2428	-1.3303
2	0.3199	0.9262	-0.0983	0.4408	1.2636	0.2356	1.8015	5.0628	-7.8965
0	-0.2209	-1.0854	0.1429	0.2289	-1.1459	-0.0696	-2.4831	4.6719	7.8485
1	-0.5795	1.9674	-2.1198	0.3357	-0.1913	-1.0427	-10.2500	-0.8072	-1.5246
2	0.3361	0.9755	-0.1001	0.2650	1.0869	0.0665	2.3098	4.9825	-8.8320
0	-0.2332	-1.1397	0.1436	0.1778	-1.0822	-0.1554	-2.6028	5.1611	8.2946
1	-0.5455	2.0855	-2.2470	0.3568	-0.1203	-1.1631	-10.4176	-1.6167	-1.9966
2	0.3500	1.0292	-0.0985	0.2324	1.1172	0.2290	2.3387	4.0828	-8.7877
0	-0.2435	-1.1917	0.1438	0.2253	-1.4139	-0.1457	-2.9811	3.7903	7.8019
1	-0.5053	2.1828	-2.3489	0.3054	-0.1068	-1.1076	-10.2446	-1.8940	-1.9434
2	0.3632	1.0837	-0.0936	0.2301	1.2384	0.1727	2.4329	4.1049	-8.9602
0	-0.2603	-1.2706	0.1470	0.2740	-1.5960	-0.2339	-2.7754	4.3012	8.9321
1	-0.4591	2.2684	-2.4413	0.4538	-0.1446	-1.5697	-10.4851	-2.3330	-2.1856
2	0.3790	1.1512	-0.0883	0.3763	1.7146	0.2798	2.6474	3.7173	-8.8341
0	-0.2718	-1.3310	0.1487	0.1875	-0.9699	-0.0264	-2.8199	3.6656	8.7668
1	-0.3930	2.3490	-2.5307	0.4204	-0.1121	-1.3897	-9.9734	-2.6660	-2.3018
2	0.3972	1.2235	-0.0805	0.2267	1.1196	0.1399	2.7123	2.8898	-9.4402
0	-0.2824	-1.3735	0.1452	0.3085	-1.0696	-0.0381	-3.2536	2.4977	8.4827
1	-0.3520	2.3878	-2.5758	0.2311	-0.1914	-0.8994	-9.2182	-3.3494	-2.1402
2	0.4076	1.2669	-0.0791	0.2734	1.0397	0.0592	2.6469	2.2940	-9.2957
0	-0.2943	-1.4187	0.1454	0.1279	-0.8630	-0.1023	-3.2600	2.7691	9.8001
1	-0.3078	2.4141	-2.6120	0.3648	-0.2275	-1.0817	-9.3287	-3.8962	-2.5428
2	0.4219	1.3161	-0.0766	0.2423	1.0103	0.1486	3.1225	1.6170	-9.5567
0	-0.3008	-1.4523	0.1478	0.1830	-0.6902	-0.0248	-3.5477	2.4237	8.4347
1	-0.2682	2.4373	-2.6386	0.1969	-0.0327	-0.6695	-9.1198	-4.3934	-3.0442
2	0.4297	1.3542	-0.0699	0.1444	0.6426	0.1095	3.2986	1.2553	-9.9291
0	-0.2998	-1.4783	0.1377	-0.1981	-0.7946	0.3341	-3.5452	2.3201	9.9397
1	-0.2432	2.4483	-2.6515	0.0837	-0.2298	-0.5938	-9.2422	-4.2538	-2.7888
2	0.4364	1.3829	-0.0716	-0.0161	0.6292	-0.2211	3.5903	2.2924	-10.2085
0	-0.2870	-1.5273	0.1362	-0.2436	-1.0339	-0.1519	-2.9318	1.0564	8.7604
1	-0.2250	2.4768	-2.6894	-0.2300	-0.0682	-1.1085	-10.2877	-4.6140	-3.3906
2	0.4267	1.4218	-0.0784	-0.2456	1.1462	0.0915	3.5700	1.0700	-10.0177
0	-0.2812	-1.5798	0.1502	-0.2075	-1.0949	-0.4759	-2.7952	-0.0969	9.8971
1	-0.1900	2.5229	-2.7355	0.0437	0.1706	-0.9496	-8.5213	-5.0809	-3.0354
2	0.4194	1.4736	-0.0671	-0.0773	1.1915	0.3563	2.7837	-0.2343	-9.2821
0	-0.2747	-1.6291	0.1703	-0.1272	-1.0114	-0.2789	-2.9234	0.9915	8.6805
1	-0.1472	2.5602	-2.7599	0.2680	0.4649	-1.0260	-8.0532	-5.7774	-3.0046
2	0.4139	1.5281	-0.0428	-0.1157	1.0078	0.4690	2.7977	-0.4531	-9.7056
0	-0.2729	-1.6609	0.1758	-0.0190	-0.6523	-0.0371	-2.8951	0.7159	8.7621
1	-0.1073	2.5909	-2.7770	0.1837	0.1280	-0.8832	-7.8635	-5.5396	-2.1126
2	0.4121	1.5721	-0.0290	0.0471	0.6455	0.1181	2.3554	-0.0812	-9.2414
0	-0.2686	-1.7004	0.1783	-0.2241	-0.9702	-0.0546	-3.1082	0.4994	9.6199
1	-0.0811	2.6024	-2.7839	0.1590	-0.0103	-0.7418	-7.8525	-5.5041	-2.2577
2	0.4143	1.6041	-0.0250	0.0009	0.9857	0.1138	2.9003	-0.0162	-9.5288
0	-0.2618	4.5516	0.1824	-0.0181	-0.4092	-0.0981	-2.3592	-0.1883	8.7809
1	-0.0476	2.6226	-2.8005	0.0327	0.1483	-0.7872	-8.0854	-5.8410	-3.0800
2	0.4100	1.6448	-0.0192	-0.0521	0.6719	0.1718	3.0890	-0.8912	-9.7532
0	-0.2664	4.5459	0.1789	0.1320	0.1142	0.2832	-2.5546	0.1984	9.3553
1	-0.0271	2.6326	-2.8028	0.1582	-0.0714	-0.2987	-6.5831	-6.5229	-1.9860
2	0.4131	1.6628	-0.0151	0.1660	0.0424	-0.1352	1.8401	-1.8188	-9.0725
0	-0.2612	4.5626	0.1622	-0.3911	0.2520	0.2807	-3.2014	-1.2628	10.2332
1	-0.0307	2.6231	-2.7947	-0.2129	-0.2512	0.3286	-6.5205	-6.6878	-1.9911
2	0.4149	1.6490	-0.0290	-0.3162	-0.2364	-0.3139	3.1490	-1.7157	-10.2731
0	-0.2495	4.5776	0.1537	-0.1683	0.4088	0.1028	-2.7650	-0.2570	9.1136
1	-0.0505	2.6328	-2.8010	-0.3684	0.0906	0.2114	-7.6535	-7.1001	-3.5438
2	0.4016	1.6337	-0.0404	-0.2322	-0.2890	-0.0627	3.2737	-1.9614	-9.9387
0	-0.2420	-1.6651	0.1431	-0.1789	1.1808	0.2978	-2.3475	0.0809	9.2927
1	-0.0706	2.6394	-2.7970	-0.2706	0.0305	0.6138	-7.0556	-6.6352	-2.5896
2	0.3945	1.6084	-0.0464	-0.2152	-0.9849	-0.2269	2.4794	-1.7472	-9.6505
0	-0.2321	-1.6039	0.1292	-0.1374	1.4772	0.3709	-2.6410	1.7807	9.1687
1	-0.1164	2.6341	-2.7800	-0.3585	0.0374	1.0700	-7.1005	-6.1885	-2.1067
2	0.3845	1.5493	-0.0594	-0.2255	-1.1813	-0.2493	2.3276	-0.9565	-9.5336
0	-0.2203	-1.4903	0.1039	-0.3234	2.9600	0.5199	-2.0527	0.6301	10.6369
1	-0.1766	2.6193	-2.7528	-0.5806	-0.0786	2.0392	-7.3101	-5.4802	-1.9906
2	0.3745	1.4625	-0.0801	-0.3044	-2.6037	-0.6860	2.3789	-0.7002	-9.7189
0	-0.1995	-1.3508	0.1001	-0.3298	3.1534	0.1915	-3.1977	2.3324	8.4409
1	-0.3049	2.5713	-2.6834	-0.6946	0.4818	2.9913	-7.8597	-4.9776	-2.6027
2	0.3478	1.3070	-0.0952	-0.5881	-3.2814	-0.1378	2.8322	-0.2110	-9.9555
0	-0.1869	-1.2053	0.0988	-0.3337	2.7275	0.0429	-2.1565	3.4158	9.2288
1	-0.4294	2.4838	-2.5578	-0.4007	0.2068	3.0186	-9.4083	-3.8856	-2.0258
2	0.3281	1.1659	-0.0985	-0.3348	-2.9462	-0.1743	2.1742	2.2365	-8.9945
0	-0.1697	-1.1003	0.1037	-0.4161	2.5523	0.1818	-2.4899	4.5315	8.0764
1	-0.5317	2.3106	-2.3548	-0.3740	0.3079	2.5488	-10.4749	-2.9957	-1.8541
2	0.3066	1.0459	-0.0949	-0.5590	-2.6418	-0.2226	2.3961	3.7044	-9.4460
0	-0.1589	-1.0027	0.1131	-0.2717	1.9788	-0.1387	-1.8839	5.3676	7.1753
1	-0.6146	2.0220	-2.0388	-0.3298	0.2694	2.4768	-10.7303	-1.7961	-1.6823
2	0.2860	0.9386	-0.0885	-0.3484	-2.1102	0.0602	1.8396	4.4531	-8.3912
0	-0.1529	-0.9141	0.1247	-0.2540	2.3473	-0.0093	-2.0395	7.5074	7.4159
1	-0.6494	1.6556	-1.6439	-0.1626	0.3698	1.9417	-10.7746	-0.5607	-1.4068
2	0.2760	0.8531	-0.0756	-0.3262	-2.1251	0.0331	1.6358	5.6628	-8.0084
0	-0.1451	-0.8114	0.1321	-0.2865	1.7461	-0.0817	-1.7386	5.4642	5.3744
1	-0.6466	1.1998	-1.1618	-0.3009	0.2001	2.6181	-10.0331	0.4073	-1.0343
2	0.2629	0.7489	-0.0681	-0.3301	-2.2778	-0.0806	1.6537	6.2378	-7.6718
0	-0.1436	-0.7591	0.1466	-0.2174	1.1810	-0.0755	-1.9452	8.8971	5.4069
1	-0.6110	0.8681	-0.8054	-0.1096	0.4009	1.0984	-11.5115	1.5294	-1.3505
2	0.2560	0.6841	-0.0539	-0.2693	-1.0304	0.1744	1.3597	7.7398	-6.4748
0	-0.1383	-0.6898	0.1520	-0.1081	1.4382	-0.0112	-1.6950	7.7007	4.5901
1	-0.5818	0.7281	-0.6452	-0.2685	0.1529	1.3693	-10.2655	2.3145	-0.7098
2	0.2487	0.6263	-0.0460	-0.1828	-1.5219	-0.0674	1.1465	7.3990	-6.1638
0	-0.1379	-0.6387	0.1575	-0.1177	0.9571	-0.0652	-1.7228	8.3133	4.1966
1	-0.5317	0.5705	-0.4723	-0.1053	0.1563	1.2800	-10.1637	2.8008	-0.8871
2	0.2436	0.5627	-0.0404	-0.1495	-1.0818	0.0677	1.2960	8.0117	-5.7622
0	-0.1380	-0.5981	0.1602	-0.0086	0.9352	0.0218	-1.6880	8.9942	4.1993
1	-0.4940	0.5027	-0.3918	-0.0431	0.1312	0.8963	-10.4207	3.2523	-0.8006
2	0.2419	0.5211	-0.0357	-0.0285	-0.9035	-0.0029	1.1014	8.3464	-5.3281
0	-0.1354	-0.5552	0.1598	-0.0174	0.8552	0.0495	-1.6719	8.6081	3.7665
1	-0.4593	0.4514	-0.3342	-0.0564	0.0023	0.9784	-9.8936	3.6366	-0.6194
2	0.2385	0.4823	-0.0360	-0.0390	-0.9250	-0.0865	1.1036	8.3883	-5.1868
0	-0.1350	-0.5183	0.1604	-0.0015	0.7347	-0.0251	-1.7243	9.0285	3.6655
1	-0.4206	0.4059	-0.2824	-0.0231	0.0685	0.8296	-9.8741	3.9503	-0.7984
2	0.2345	0.4419	-0.0359	-0.0255	-0.7442	0.0123	1.1432	8.3632	-4.9374
0	-0.1333	-0.4854	0.1608	-0.0475	0.6519	0.0533	-1.6635	9.0121	3.3479
1	-0.3861	0.3772	-0.2471	-0.0524	0.0641	0.7030	-9.7113	4.1493	-0.7812
2	0.2323	0.4050	-0.0351	-0.0534	-0.7237	-0.0636	1.1914	8.7273	-4.8412
0	-0.1332	-0.4636	0.1639	-0.0792	0.3655	-0.1225	-1.5839	8.5969	3.1538
1	-0.3608	0.3515	-0.2162	-0.0599	0.0651	0.5136	-9.8547	4.4442	-0.8020
2	0.2294	0.3813	-0.0332	-0.0764	-0.4497	0.0574	1.1742	8.8088	-4.6346
0	-0.1356	-0.4472	0.1683	-0.0691	0.3481	-0.0174	-1.7538	9.4882	2.9759
1	-0.3442	0.3437	-0.2011	0.0225	0.1747	0.2634	-9.6577	4.4612	-0.8710
2	0.2318	0.3642	-0.0279	-0.0702	-0.3534	0.0619	1.1266	8.8221	-4.3656
0	-0.1356	-0.4300	0.1723	-0.0812	0.3971	-0.0129	-1.6151	9.4663	2.7461
1	-0.3303	0.3373	-0.1878	-0.0205	0.1010	0.3236	-9.4865	4.8355	-0.7334
2	0.2312	0.3475	-0.0240	-0.0862	-0.3624	0.0598	1.1178	8.8942	-4.1472
0	-0.1323	-0.4105	0.1746	-0.0632	0.4383	0.0659	-1.5049	9.0728	2.3898
1	-0.3144	0.3278	-0.1710	-0.0723	0.0984	0.4240	-9.1806	4.9533	-0.6246
2	0.2287	0.3292	-0.0207	-0.0885	-0.4630	-0.0749	1.0124	8.9724	-3.9758
0	-0.1258	-0.3809	0.1769	-0.1223	0.7754	0.1733	-1.5408	9.8180	2.9118
1	-0.2962	0.3129	-0.1505	-0.0601	0.0941	0.4240	-9.1033	5.0895	-0.5734
2	0.2229	0.3045	-0.0188	-0.1009	-0.6125	-0.1234	0.8880	8.8673	-3.7554
0	-0.1199	-0.3446	0.1791	-0.0333	0.8144	0.0288	-1.5332	8.9873	1.8635
1	-0.2695	0.2863	-0.1163	-0.2347	0.0014	0.7773	-8.7698	5.1583	-0.5826
2	0.2134	0.2710	-0.0162	-0.1047	-0.8488	-0.1245	0.9398	8.7900	-3.6389
0	-0.1168	-0.3043	0.1818	-0.1178	1.0451	0.1499	-1.3333	10.5316	1.9905
1	-0.2375	0.2646	-0.0896	-0.0607	0.0774	0.8272	-8.8471	5.4360	-0.6363
2	0.2088	0.2337	-0.0143	-0.1090	-0.8647	-0.0596	0.8497	8.9837	-3.2301
0	-0.1017	-0.2464	0.1854	-0.1330	1.3673	0.3290	-1.4186	8.8675	1.2240
1	-0.1985	0.2399	-0.0568	-0.4343	-0.0537	1.1214	-8.2839	6.0378	-0.1970
2	0.1962	0.1851	-0.0104	-0.2081	-1.3835	-0.4061	0.8006	9.4883	-3.0280
0	-0.0944	-0.1848	0.1933	-0.2595	1.4098	0.0620	-1.1423	9.7803	1.0563
1	-0.1530	0.1964	-0.0049	-0.3646	0.0670	1.1826	-8.2222	6.1412	-0.4618
2	0.1800	0.1226	-0.0048	-0.2417	-1.3140	-0.0993	0.7234	8.8761	-2.3365
0	-0.0886	-0.1081	0.2046	-0.2459	2.2684	0.1686	-1.3848	9.8929	0.9867
1	-0.0955	0.1769	0.0331	-0.3276	0.2872	1.4512	-7.9293	6.4388	-0.3990
2	0.1711	0.0519	0.0075	-0.3013	-1.9628	-0.2051	0.5645	8.9112	-1.7323
0	-0.0886	0.0022	0.2157	-0.2357	2.2923	-0.1437	-1.1560	8.6736	-1.6763
1	-0.0081	0.1519	0.0801	-0.5135	0.3013	2.2871	-6.5045	6.7424	-0.2685
2	0.1611	-0.0440	0.0195	-0.3304	-2.5821	-0.0877	0.5932	8.3746	-1.2105
0	-0.0923	0.0923	0.2219	-0.1310	2.0978	0.0573	-1.4124	10.3101	-1.9234
1	0.0910	0.1463	0.1149	-0.1266	0.3794	1.9715	-7.0945	7.8600	-0.3070
2	0.1606	-0.1417	0.0300	-0.2103	-2.0085	-0.0307	0.3652	9.7694	0.4610
0	-0.0896	0.1892	0.2283	-0.1619	2.1262	0.0592	-1.1117	9.0792	-3.1393
1	0.1762	0.1406	0.1408	-0.3328	0.1250	2.2328	-6.1524	8.6342	-0.0289
2	0.1529	-0.2428	0.0393	-0.2272	-2.2572	-0.1904	0.3590	9.6606	1.2489
0	-0.0890	0.2658	0.2368	-0.1415	1.3961	0.1419	-1.2379	9.5504	-4.6328
1	0.2703	0.1331	0.1690	-0.2540	0.2290	1.8436	-5.7010	9.1743	-0.2174
2	0.1476	-0.3261	0.0498	-0.2479	-1.5449	-0.1261	0.2464	10.1218	2.2238
0	-0.0834	0.3292	0.2442	-0.0913	1.4626	0.1601	-1.0575	8.8894	-4.4640
1	0.3401	0.1282	0.1910	-0.2688	0.0506	1.4662	-5.0850	9.7784	0.0717
2	0.1402	-0.3830	0.0579	-0.1721	-1.4181	-0.2224	-0.0009	9.8369	3.1855
0	-0.0805	0.3905	0.2512	-0.1259	1.3943	0.1148	-1.0811	8.5748	-5.0130
1	0.4051	0.1211	0.2108	-0.2601	0.0472	1.4586	-3.6643	9.6898	-0.0495
2	0.1326	-0.4458	0.0655	-0.1932	-1.3802	-0.1631	0.0441	8.9850	3.3970
0	-0.0768	0.4626	0.2581	-0.0886	1.4718	0.0731	-0.9596	7.1202	-5.9035
1	0.4661	0.1182	0.2287	-0.2743	0.0460	1.4825	-2.9573	9.6974	-0.0322
2	0.1257	-0.5141	0.0737	-0.1627	-1.5640	-0.2140	-0.0031	8.5756	3.9687
0	-0.0787	0.5143	0.2588	-0.0385	1.0656	-0.0667	-1.0291	7.5643	-6.1876
1	0.5324	0.1158	0.2464	-0.1219	0.1230	1.3584	-2.3934	9.6262	-0.1619
2	0.1233	-0.5742	0.0773	-0.0863	-1.1585	0.0250	-0.0731	8.1177	4.6831
0	-0.0802	0.5786	0.2596	-0.0911	1.6430	0.0087	-1.0092	7.6630	-5.8930
1	0.5843	0.1191	0.2541	-0.1131	0.1000	1.2408	-1.7944	9.6792	-0.1294
2	0.1230	-0.6275	0.0770	-0.1068	-1.4629	-0.0622	0.0179	7.8360	4.8518
0	-0.0832	0.6442	0.2609	-0.0748	1.2491	-0.0550	-1.0942	6.9513	-7.1153
1	0.6503	0.1216	0.2679	-0.1965	0.1213	1.6216	-1.1286	9.7729	-0.2035
2	0.1223	-0.6954	0.0803	-0.1283	-1.3960	-0.0080	-0.0183	7.7860	5.4397
0	-0.0848	0.6995	0.2632	-0.0869	1.2270	0.0558	-1.1227	6.6660	-7.3522
1	0.7173	0.1274	0.2805	-0.1461	0.1163	1.2901	-0.9745	10.0138	-0.1420
2	0.1226	-0.7527	0.0817	-0.1329	-1.2696	-0.0870	-0.0536	7.7966	5.8924
0	-0.0866	0.7525	0.2677	-0.1208	1.0153	0.0785	-1.1677	6.4782	-7.7880
1	0.7729	0.1309	0.2941	-0.1868	0.1182	1.1653	-0.2858	10.0037	-0.2335
2	0.1221	-0.8097	0.0858	-0.1602	-1.0477	-0.0762	0.0359	7.3561	6.3270
0	-0.0882	0.7977	0.2724	-0.0834	0.7802	0.0039	-1.1016	5.3414	-8.4795
1	0.8228	0.1363	0.3084	-0.2366	0.0693	1.0546	0.3329	10.0177	-0.2775
2	0.1216	-0.8578	0.0907	-0.1402	-0.9471	-0.0824	-0.0046	6.8411	6.8080
0	-0.0903	0.8258	0.2735	-0.1054	0.6600	0.0833	-1.1322	6.5261	-7.8060
1	0.8638	0.1411	0.3192	-0.0755	0.1082	0.7108	0.7619	9.8589	-0.3474
2	0.1225	-0.8899	0.0904	-0.0882	-0.5517	0.0109	-0.1075	6.6255	7.1769
0	-0.0897	0.8584	0.2799	-0.0540	0.6264	0.0687	-1.1411	4.6044	-8.6334
1	0.8928	0.1442	0.3270	-0.2182	-0.0385	0.8138	1.2117	9.7807	-0.2123
2	0.1213	-0.9198	0.0933	-0.1177	-0.7640	-0.1782	-0.0085	6.4311	7.0434
0	-0.0897	0.8876	0.2843	-0.1623	1.0096	0.2346	-1.2551	6.7023	-7.0721
1	0.9280	0.1443	0.3378	-0.0666	0.0473	0.5595	1.5262	9.5675	-0.5003
2	0.1201	-0.9480	0.0941	-0.1339	-0.6671	-0.0871	0.0634	5.8650	7.2169
0	-0.0916	0.9411	0.2977	-0.2018	1.1432	0.1031	-0.8993	3.0996	-9.2584
1	0.9655	0.1479	0.3533	-0.4984	-0.0678	1.3094	2.2088	9.2686	-0.4701
2	0.1197	-0.9988	0.1068	-0.2940	-1.3302	-0.2996	0.2871	5.3000	6.8915
0	-0.0979	0.9853	0.2970	-0.1042	0.6560	-0.0758	-1.4715	4.7438	-9.2408
1	1.0188	0.1578	0.3763	-0.1586	0.2309	0.9669	2.4780	9.1494	-0.6052
2	0.1243	-1.0438	0.1086	-0.1348	-0.7921	0.1120	-0.1767	4.7823	8.1933
0	-0.1018	0.9980	0.2970	-0.0430	-0.0928	-0.0260	-1.2737	4.0338	-10.2084
1	1.0552	0.1708	0.3829	-0.0636	0.1221	0.4630	2.4769	9.4503	-0.5861
2	0.1287	-1.0699	0.1053	-0.0962	-0.0498	0.0527	0.0691	5.8025	8.4780
0	-0.0996	0.9938	0.2950	0.0339	-0.0995	0.0070	-1.2027	4.2662	-8.7197
1	1.0608	0.1740	0.3803	0.0972	0.0375	-0.0838	3.0142	9.7170	-0.4554
2	0.1282	-1.0674	0.0992	0.0582	0.0948	0.0252	-0.0338	5.3177	8.6244
0	-0.0987	0.9915	0.2936	0.0183	-0.0588	-0.0383	-1.2481	4.1098	-8.9158
1	1.0583	0.1717	0.3727	0.0695	0.0191	-0.0827	3.0527	9.1333	-0.6272
2	0.1260	-1.0648	0.0933	-0.0014	0.0488	0.0390	0.1585	4.8159	7.7604
0	-0.0982	0.9873	0.2916	-0.0017	-0.1841	0.0092	-1.3177	4.3333	-9.2409
1	1.0572	0.1710	0.3666	0.0826	0.0372	-0.0918	2.9661	8.9805	-0.6781
2	0.1254	-1.0628	0.0865	-0.0020	0.1168	0.0520	0.1637	4.9387	7.8707
0	-0.0965	0.9733	0.2915	0.0408	-0.5155	0.0414	-1.1823	4.2366	-9.5182
1	1.0516	0.1696	0.3601	0.0435	-0.0075	-0.2664	2.9250	9.2679	-0.6531
2	0.1241	-1.0546	0.0808	0.0237	0.3510	0.0199	0.1326	5.2632	8.1850
0	-0.0921	0.9496	0.2917	0.0721	-0.4159	0.0943	-1.2210	5.0968	-8.5038
1	1.0333	0.1649	0.3508	0.1030	-0.0674	-0.6442	2.7800	9.4938	-0.4663
2	0.1208	-1.0326	0.0742	0.0767	0.5575	0.0091	-0.0879	5.4186	8.2197
0	-0.0889	0.9312	0.2932	-0.0112	-0.6155	0.0011	-0.9622	3.9829	-9.0435
1	1.0103	0.1573	0.3408	0.0345	-0.1064	-0.4289	2.8177	9.3874	-0.4732
2	0.1166	-1.0151	0.0697	0.0067	0.4293	0.0051	0.0746	5.2086	7.6192
0	-0.0882	0.8939	0.2899	0.0677	-1.2795	-0.0989	-1.1725	4.2963	-9.1893
1	0.9866	0.1530	0.3313	0.1311	0.0122	-0.8193	2.2679	9.2070	-0.5244
2	0.1160	-0.9856	0.0615	0.0986	1.0588	0.1661	-0.1479	5.5301	7.9684
0	-0.0872	0.8099	0.2813	0.1396	-2.3616	-0.1300	-1.2357	5.2606	-8.9803
1	0.9367	0.1466	0.3097	0.3719	-0.0421	-1.6774	1.7375	9.5555	-0.4501
2	0.1154	-0.9237	0.0452	0.2029	1.9629	0.2854	-0.0696	6.3898	7.9223
0	-0.0856	0.6952	0.2723	0.1096	-2.6417	-0.1169	-1.1819	6.5829	-7.0476
1	0.8391	0.1351	0.2709	0.5805	-0.1117	-2.6189	0.3824	10.2404	-0.3202
2	0.1149	-0.8176	0.0231	0.2510	2.6391	0.3207	-0.0016	7.2777	7.1422
0	-0.0877	0.5834	0.2640	0.0983	-2.5024	-0.1714	-1.3899	7.3669	-6.7558
1	0.7255	0.1265	0.2287	0.5692	-0.0375	-2.5603	-0.0259	10.1438	-0.3170
2	0.1184	-0.7003	0.0019	0.1820	2.5151	0.3739	0.1074	7.0745	6.0440
0	-0.0873	0.4825	0.2565	0.1044	-2.1099	-0.0405	-1.2062	8.4759	-5.3038
1	0.6210	0.1266	0.1900	0.4769	-0.0582	-2.2756	-0.5255	10.1728	-0.2532
2	0.1236	-0.5942	-0.0178	0.2152	2.2379	0.2433	0.0842	7.8097	5.4213
0	-0.0847	0.3962	0.2537	0.0616	-2.0554	0.0173	-1.0184	8.2924	-5.3508
1	0.5323	0.1242	0.1601	0.2829	-0.1743	-1.9753	-1.6582	10.0428	-0.1731
2	0.1255	-0.5070	-0.0308	0.1427	2.0030	0.1408	0.1516	8.6540	4.2539
0	-0.0818	0.3010	0.2493	0.1063	-1.8140	0.0053	-1.0671	9.0189	-4.1002
1	0.4481	0.1223	0.1357	0.3081	-0.0851	-2.0373	-2.7353	10.0478	-0.0878
2	0.1275	-0.4192	-0.0425	0.1858	1.9537	0.1625	-0.0163	8.8167	3.9717
0	-0.0791	0.2252	0.2446	0.1034	-1.6758	0.0257	-1.1168	9.2351	-3.5745
1	0.3674	0.1233	0.1105	0.2606	-0.1352	-1.7720	-2.9975	9.6840	-0.0653
2	0.1296	-0.3409	-0.0544	0.1711	1.6806	0.1385	0.0952	8.8716	3.0343
0	-0.0761	0.1593	0.2405	0.0925	-1.4380	-0.0355	-0.8647	8.6850	-2.9375
1	0.2898	0.1236	0.0856	0.2414	-0.1685	-1.5966	-4.0195	9.3376	-0.0728
2	0.1311	-0.2672	-0.0649	0.1555	1.4931	0.1048	0.1220	8.9810	2.0542
0	-0.0782	0.0967	0.2337	0.1360	-1.4526	-0.0840	-1.1812	9.6006	-2.3062
1	0.2282	0.1260	0.0635	0.3303	-0.0786	-1.4456	-4.5408	8.6974	-0.0897
2	0.1364	-0.2045	-0.0759	0.2011	1.4614	0.2304	0.0678	8.9367	1.6897
0	-0.0780	0.0396	0.2280	0.0890	-0.9694	-0.0223	-0.9744	9.4882	-1.4406
1	0.1678	0.1347	0.0366	0.2804	-0.0847	-1.3030	-5.2369	8.6227	-0.0795
2	0.1413	-0.1476	-0.0860	0.1495	1.1256	0.1085	0.2644	9.3483	0.9054
0	-0.0798	-0.0007	0.2240	0.0535	-1.0532	-0.0717	-1.0728	9.5618	-1.4331
1	0.1225	0.1389	0.0170	0.2151	-0.0808	-0.9503	-5.5361	8.1373	-0.1102
2	0.1452	-0.1067	-0.0935	0.1215	0.9258	0.1701	0.2835	9.1687	0.2175
0	-0.0797	-0.0456	0.2210	0.0819	-0.7185	0.0111	-1.1172	9.9884	-0.5745
1	0.0796	0.1477	-0.0032	0.2158	-0.0365	-1.0146	-6.7002	8.0457	-0.0704
2	0.1500	-0.0621	-0.0993	0.1006	0.9718	0.0897	0.2971	9.8089	-0.1240
0	-0.0789	-0.0657	0.2180	0.0259	-0.3675	-0.0049	-1.0696	9.7900	-0.3984
1	0.0431	0.1518	-0.0203	0.1092	-0.1118	-0.5289	-6.2368	7.7044	-0.0430
2	0.1517	-0.0350	-0.1049	0.0633	0.3546	0.0646	0.3478	9.1396	-0.6667
0	-0.0753	-0.0785	0.2187	-0.0405	-0.1938	0.1129	-1.0546	9.8972	-0.1008
1	0.0256	0.1535	-0.0290	0.0737	0.0030	-0.3733	-6.9698	7.5465	-0.1455
2	0.1520	-0.0215	-0.1065	-0.0245	0.2796	-0.0382	0.4514	9.8088	-1.0900
0	-0.0719	-0.0943	0.2199	-0.0339	-0.4768	0.0669	-1.0239	9.8065	-0.4722
1	0.0142	0.1512	-0.0305	-0.0067	-0.0663	-0.3641	-7.2369	7.4162	-0.0542
2	0.1495	-0.0093	-0.1055	-0.0260	0.3923	0.0270	0.2882	9.7130	-1.0107
0	-0.0680	-0.1132	0.2211	0.0015	-0.3938	0.0569	-0.9036	9.5764	-0.4819
1	-0.0067	0.1513	-0.0354	-0.0040	-0.0207	-0.4684	-7.4153	7.4451	0.0159
2	0.1485	0.0101	-0.1047	-0.0342	0.4127	-0.0000	0.2355	9.6784	-0.9287
0	-0.0671	-0.1290	0.2203	-0.0065	-0.3631	-0.0028	-1.0160	10.0840	0.0285
1	-0.0223	0.1512	-0.0392	0.0648	-0.0502	-0.3216	-7.1425	7.2870	0.0799
2	0.1484	0.0264	-0.1055	0.0211	0.3733	0.0765	0.1729	9.4347	-1.0111
0	-0.0646	-0.1390	0.2217	-0.0074	-0.1622	0.0418	-0.9553	9.5403	-0.3425
1	-0.0421	0.1542	-0.0459	-0.0971	0.0913	-0.7005	-7.1937	7.4364	-0.0738
2	0.1487	0.0408	-0.1052	-0.0497	0.1658	-0.0012	0.3427	9.7342	-1.4068
0	-0.0658	-0.1575	0.2210	0.0392	-0.6127	-0.0389	-0.9956	10.0081	-0.3095
1	-0.0639	0.1555	-0.0458	0.0698	0.0091	-0.3307	-7.8904	6.9628	0.1129
2	0.1495	0.0517	-0.1054	0.0320	0.4952	0.1238	0.1249	9.7718	-1.0910
0	-0.0637	-0.1731	0.2194	0.0224	-0.1384	0.0912	-0.8419	9.8571	0.7973
1	-0.0858	0.1640	-0.0591	0.1415	-0.0477	-0.5295	-7.9423	7.1957	0.1627
2	0.1517	0.0740	-0.1084	0.0408	0.2719	-0.0238	0.2295	9.6538	-1.5216
0	-0.0630	-0.1633	0.2183	0.0068	0.4153	-0.0712	-0.8098	9.4969	0.7806
1	-0.0929	0.1606	-0.0628	0.0178	-0.0948	0.1640	-7.2327	6.4988	0.1529
2	0.1496	0.0741	-0.1106	0.0236	-0.2790	0.0310	0.1744	8.6721	-2.0129
0	-0.0678	-0.1468	0.2182	0.0027	0.1909	-0.1233	-1.1652	10.0209	0.0385
1	-0.0783	0.1609	-0.0618	0.0614	0.1721	0.3215	-7.3728	6.4641	-0.0382
2	0.1524	0.0551	-0.1111	0.0145	-0.3146	0.1421	0.3144	9.4257	-1.7715
0	-0.0689	-0.1439	0.2197	-0.0880	-0.0405	0.0549	-1.0984	10.1076	0.3257
1	-0.0714	0.1700	-0.0659	0.0987	0.0688	0.0719	-8.5729	7.0545	-0.0649
2	0.1554	0.0484	-0.1111	-0.0436	0.0015	0.0249	0.5060	10.4761	-1.6459
0	-0.0660	-0.1474	0.2237	-0.0813	-0.1369	0.0260	-0.8080	9.4645	-0.0519
1	-0.0693	0.1682	-0.0658	-0.0312	-0.0452	0.0228	-8.3489	7.0329	-0.0565
2	0.1534	0.0508	-0.1085	-0.0818	0.0863	-0.0078	0.3963	9.9032	-1.5375
0	-0.0640	-0.1523	0.2269	-0.0755	-0.0543	0.0411	-0.7202	9.7285	0.1230
1	-0.0722	0.1655	-0.0636	-0.0365	0.0718	-0.1946	-7.5464	7.0131	0.0569
2	0.1522	0.0566	-0.1057	-0.0743	0.1135	0.0090	0.0901	9.5015	-1.4057
0	-0.0623	-0.1521	0.2284	0.0075	0.0123	-0.0216	-0.6998	9.6115	-0.2778
1	-0.0755	0.1645	-0.0618	-0.0152	0.0205	-0.0167	-7.4810	6.8591	0.2873
2	0.1507	0.0583	-0.1035	-0.0203	-0.0118	0.0385	-0.0621	9.3445	-1.3087
0	-0.0637	-0.1505	0.2263	0.0468	-0.0453	-0.0530	-0.8932	9.6204	0.3612
1	-0.0753	0.1657	-0.0636	0.1013	0.0373	0.0019	-7.4028	7.0472	0.3133
2	0.1521	0.0563	-0.1050	0.0552	-0.0118	0.0804	-0.0333	9.5038	-1.2310
0	-0.0652	-0.1665	0.2270	-0.0993	-0.6157	-0.0025	-1.0134	10.1170	0.4260
1	-0.0791	0.1704	-0.0694	0.0858	0.0696	-0.3004	-8.0446	6.8742	0.0440
2	0.1549	0.0623	-0.1062	-0.0417	0.4501	0.1096	0.4099	10.0105	-1.8585
0	-0.0615	-0.1908	0.2308	-0.0293	-0.3276	0.0963	-0.9103	10.2675	0.2224
1	-0.1040	0.1785	-0.0787	0.0179	-0.0229	-0.5258	-8.7552	6.8423	-0.0144
2	0.1556	0.0905	-0.1027	-0.0630	0.4815	-0.0070	0.2406	9.9935	-1.7106
0	-0.0571	-0.1907	0.2302	0.0098	0.1880	-0.0091	-0.7604	9.1081	0.5548
1	-0.1140	0.1731	-0.0798	-0.0393	-0.1014	-0.0850	-7.4878	6.9565	0.2681
2	0.1523	0.0977	-0.1034	0.0140	-0.1283	-0.0379	0.0819	9.1245	-1.6617
0	-0.0591	-0.1795	0.2302	0.0022	0.2784	-0.0610	-0.7985	9.6666	0.3366
1	-0.1095	0.1697	-0.0765	0.0548	0.0713	0.1506	-7.3215	6.5175	0.0285
2	0.1525	0.0883	-0.1044	0.0081	-0.2565	0.0710	0.1872	8.9457	-1.8206
0	-0.0617	-0.1684	0.2292	0.0400	0.1632	-0.0528	-0.8813	9.9629	0.1090
1	-0.0994	0.1738	-0.0785	0.0947	0.0563	0.2598	-7.7409	6.5595	0.1019
2	0.1542	0.0759	-0.1054	0.0368	-0.2267	0.0843	0.1335	9.4529	-1.6166
0	-0.0625	-0.1609	0.2272	0.0460	0.1185	-0.0218	-0.8597	9.8660	0.2086
1	-0.0888	0.1766	-0.0824	0.1036	0.0016	0.1784	-8.0603	6.9706	0.2024
2	0.1557	0.0673	-0.1075	0.0410	-0.1524	0.0339	0.1354	9.9303	-1.5765
0	-0.0626	-0.1564	0.2252	0.0311	0.0592	-0.0027	-0.9363	9.8830	0.3290
1	-0.0814	0.1766	-0.0851	0.0814	-0.0094	0.0835	-7.9910	6.9876	0.1489
2	0.1562	0.0615	-0.1100	0.0436	-0.0808	0.0367	0.1814	9.8298	-1.6322
0	-0.0618	-0.1526	0.2244	-0.0073	0.0533	-0.0099	-0.9146	9.5693	0.3916
1	-0.0773	0.1768	-0.0878	0.0393	-0.0047	0.0420	-7.9966	6.8919	0.0464
2	0.1561	0.0573	-0.1118	0.0021	-0.0744	0.0175	0.2862	9.7033	-1.7542
0	-0.0626	-0.1500	0.2252	-0.0185	0.0675	-0.0232	-0.9551	9.9529	0.2297
1	-0.0744	0.1764	-0.0884	0.0465	0.0370	0.0365	-7.9410	6.7272	-0.0201
2	0.1566	0.0547	-0.1116	-0.0193	-0.0526	0.0624	0.2684	9.5169	-1.6817
0	-0.0627	-0.1465	0.2262	-0.0192	0.0238	-0.0310	-0.7676	9.7030	-0.0093
1	-0.0709	0.1779	-0.0899	0.0228	0.0386	0.0647	-7.7913	6.9617	0.0809
2	0.1572	0.0511	-0.1110	-0.0247	-0.0552	0.0476	0.1971	9.7069	-1.5352
0	-0.0632	-0.1445	0.2263	0.0083	0.0291	-0.0188	-0.8348	9.8283	-0.0230
1	-0.0676	0.1790	-0.0914	0.0642	0.0311	0.0273	-7.7825	6.9817	0.1817
2	0.1581	0.0492	-0.1109	0.0024	-0.0323	0.0523	0.0468	9.6724	-1.3630
0	-0.0631	-0.1412	0.2262	-0.0079	0.0705	-0.0115	-0.8478	9.7018	-0.0209
1	-0.0654	0.1803	-0.0936	0.0477	0.0112	0.0428	-7.6462	7.0408	0.2008
2	0.1584	0.0465	-0.1116	-0.0014	-0.0679	0.0357	0.1397	9.6050	-1.3779
0	-0.0636	-0.1378	0.2256	0.0297	-0.0032	-0.0284	-0.8443	9.6333	-0.1926
1	-0.0612	0.1802	-0.0947	0.0546	0.0185	0.0603	-7.5648	6.9945	0.1015
2	0.1588	0.0427	-0.1123	0.0204	-0.0477	0.0537	0.1199	9.5630	-1.2525
