0	0.0000	0.0000	0.0000	0.0000	0.0000	0.0000	0.0000	0.0000	0.0000
0	0.0000	0.0000	0.0000	0.0000	0.0000	0.0000	0.0000	0.0000	0.0000
0	0.0000	0.0000	0.0000	0.0000	0.0000	0.0000	0.0000	0.0000	0.0000
0	0.0131	-0.0042	-0.0228	0.0034	-0.0501	-0.0175	-0.6646	9.8484	0.5574
1	-0.0020	-0.0508	-0.1848	0.0109	-0.0042	-0.0544	-8.3491	6.3651	0.4264
2	-0.0095	-0.0538	-0.2182	0.0126	0.0493	0.0215	0.0425	9.5527	-1.9291
0	0.0130	-0.0049	-0.0227	0.0047	-0.0541	-0.0049	-0.6700	9.8138	0.6149
1	-0.0028	-0.0509	-0.1856	-0.0014	-0.0010	-0.0438	-8.3637	6.3545	0.4351
2	-0.0091	-0.0533	-0.2193	0.0142	0.0532	0.0144	0.0281	9.6246	-1.9252
0	0.0130	-0.0053	-0.0223	-0.0090	-0.0519	-0.0158	-0.6245	9.6903	0.5529
1	-0.0034	-0.0509	-0.1860	-0.0002	0.0064	-0.0514	-8.3305	6.3248	0.4544
2	-0.0090	-0.0529	-0.2202	0.0002	0.0428	0.0118	0.0381	9.5730	-1.9613
0	0.0128	-0.0056	-0.0218	-0.0005	-0.0389	-0.0133	-0.6500	9.7848	0.5756
1	-0.0036	-0.0508	-0.1865	0.0048	0.0060	-0.0321	-8.3287	6.3497	0.4450
2	-0.0087	-0.0525	-0.2206	0.0058	0.0428	0.0144	-0.0056	9.5513	-1.9076
0	0.0123	-0.0053	-0.0213	0.0020	-0.0473	-0.0252	-0.6705	9.6394	0.4532
1	-0.0036	-0.0502	-0.1875	0.0116	0.0119	-0.0582	-8.3340	6.3354	0.4352
2	-0.0083	-0.0528	-0.2214	0.0039	0.0191	0.0225	0.0111	9.5329	-1.9412
0	0.0115	-0.0060	-0.0207	-0.0055	-0.0496	-0.0266	-0.6432	9.8011	0.5803
1	-0.0045	-0.0490	-0.1888	0.0057	0.0216	-0.0512	-8.3616	6.3565	0.4532
2	-0.0075	-0.0524	-0.2219	0.0027	0.0494	0.0333	0.0137	9.5583	-1.9211
0	0.0109	-0.0066	-0.0198	-0.0061	-0.0624	-0.0254	-0.7041	9.7287	0.4802
1	-0.0055	-0.0482	-0.1895	0.0109	0.0115	-0.0629	-8.3323	6.3775	0.4208
2	-0.0067	-0.0521	-0.2222	-0.0036	0.0558	0.0273	0.0124	9.5956	-1.9246
0	0.0103	-0.0074	-0.0196	0.0140	-0.0552	-0.0174	-0.7280	9.8469	0.4590
1	-0.0063	-0.0474	-0.1909	0.0172	-0.0060	-0.0480	-8.3373	6.4190	0.3983
2	-0.0060	-0.0513	-0.2228	0.0081	0.0545	0.0250	0.0450	9.6019	-1.8574
0	0.0098	-0.0080	-0.0201	0.0101	-0.0581	-0.0125	-0.7034	9.8440	0.5714
1	-0.0071	-0.0469	-0.1925	0.0110	-0.0057	-0.0568	-8.3552	6.3959	0.3855
2	-0.0053	-0.0509	-0.2242	0.0208	0.0516	0.0216	0.0614	9.6202	-1.8584
0	0.0096	-0.0083	-0.0203	0.0150	-0.0369	-0.0113	-0.6947	9.7985	0.5740
1	-0.0072	-0.0467	-0.1939	0.0212	-0.0080	-0.0417	-8.3373	6.3465	0.4017
2	-0.0048	-0.0504	-0.2253	0.0165	0.0377	0.0163	0.0693	9.6042	-1.9200
0	0.0091	-0.0090	-0.0208	0.0203	-0.0698	-0.0174	-0.6670	9.7941	0.5959
1	-0.0084	-0.0459	-0.1960	0.0121	-0.0042	-0.0571	-8.3594	6.3136	0.4209
2	-0.0044	-0.0504	-0.2268	0.0257	0.0617	0.0260	0.0284	9.5549	-1.8970
0	0.0088	-0.0097	-0.0210	0.0188	-0.0546	-0.0145	-0.6566	9.7446	0.5439
1	-0.0093	-0.0454	-0.1975	0.0264	-0.0084	-0.0592	-8.3802	6.2932	0.4366
2	-0.0037	-0.0495	-0.2283	0.0148	0.0473	0.0196	0.0542	9.5706	-2.0026
0	0.0079	-0.0108	-0.0216	0.0113	-0.0629	-0.0403	-0.6692	9.6217	0.7487
1	-0.0105	-0.0434	-0.2002	0.0252	0.0289	-0.0646	-8.3608	6.1910	0.3751
2	-0.0028	-0.0487	-0.2298	0.0269	0.0590	0.0361	0.0335	9.4867	-1.9718
0	0.0064	-0.0121	-0.0208	-0.0219	-0.0786	-0.0379	-0.7326	9.8862	0.5851
1	-0.0125	-0.0414	-0.2016	0.0017	0.0282	-0.1063	-8.4857	6.3548	0.3730
2	-0.0011	-0.0477	-0.2303	-0.0104	0.0643	0.0521	0.0992	9.4982	-2.0681
0	0.0058	-0.0157	-0.0193	-0.0154	-0.1310	-0.0053	-0.7886	9.8984	0.4282
1	-0.0169	-0.0415	-0.2015	-0.0005	-0.0056	-0.1183	-8.3853	6.4901	0.3800
2	0.0002	-0.0455	-0.2298	-0.0165	0.1309	0.0287	0.1188	9.8032	-1.8984
0	0.0057	-0.0184	-0.0193	0.0294	-0.0750	-0.0152	-0.7642	9.7530	0.5435
1	-0.0187	-0.0410	-0.2037	0.0425	-0.0188	-0.0510	-8.2926	6.3298	0.3534
2	0.0005	-0.0419	-0.2303	0.0262	0.0850	0.0187	0.0817	9.6367	-1.8056
0	0.0045	-0.0192	-0.0206	0.0439	-0.0625	-0.0381	-0.7638	9.7169	0.7112
1	-0.0190	-0.0389	-0.2077	0.0474	-0.0126	-0.0525	-8.4422	6.2082	0.3292
2	0.0015	-0.0410	-0.2325	0.0512	0.0493	0.0384	0.0987	9.4377	-1.9392
0	0.0037	-0.0203	-0.0215	0.0350	-0.0717	-0.0073	-0.7805	9.9628	0.6765
1	-0.0202	-0.0384	-0.2102	0.0247	-0.0395	-0.0645	-8.5918	6.2841	0.3907
2	0.0030	-0.0401	-0.2347	0.0319	0.0669	0.0228	0.1519	9.6542	-2.1314
0	0.0038	-0.0213	-0.0230	0.0316	-0.0364	-0.0143	-0.6833	9.6204	0.7956
1	-0.0207	-0.0383	-0.2124	0.0370	-0.0105	-0.0190	-8.4251	6.1259	0.3641
2	0.0033	-0.0390	-0.2370	0.0367	0.0509	0.0044	0.1156	9.6435	-2.1319
0	0.0025	-0.0210	-0.0240	0.0272	-0.0602	-0.0406	-0.7322	9.6822	0.6931
1	-0.0211	-0.0359	-0.2160	0.0426	0.0032	-0.0779	-8.4511	6.1792	0.3476
2	0.0041	-0.0394	-0.2391	0.0351	0.0307	0.0390	0.1027	9.3889	-2.0869
0	0.0008	-0.0225	-0.0250	0.0366	-0.0719	-0.0415	-0.7820	9.8811	0.7515
1	-0.0227	-0.0334	-0.2198	0.0375	-0.0096	-0.0575	-8.4844	6.2683	0.3272
2	0.0061	-0.0383	-0.2411	0.0446	0.0754	0.0518	0.1328	9.5519	-2.0205
0	0.0000	-0.0228	-0.0262	0.0381	-0.0337	-0.0104	-0.7651	9.7717	0.6746
1	-0.0226	-0.0324	-0.2225	0.0248	-0.0083	-0.0225	-8.4336	6.2602	0.3347
2	0.0076	-0.0376	-0.2430	0.0392	0.0333	0.0205	0.1748	9.6247	-2.0695
0	-0.0003	-0.0221	-0.0267	-0.0044	-0.0209	-0.0144	-0.5922	9.4474	0.8289
1	-0.0222	-0.0306	-0.2230	-0.0258	0.1184	-0.0837	-8.3524	6.0517	0.3640
2	0.0084	-0.0381	-0.2449	0.0209	0.0193	0.0247	0.1345	9.5043	-2.0595
0	-0.0015	-0.0252	-0.0225	-0.1113	-0.0946	-0.0431	-0.8842	10.1096	0.8140
1	-0.0252	-0.0269	-0.2203	-0.0488	0.0934	-0.0380	-8.4821	6.2392	0.2647
2	0.0104	-0.0377	-0.2432	-0.0833	0.1142	0.1094	0.1371	9.3078	-2.2055
0	-0.0023	-0.0236	-0.0197	-0.0099	0.0035	-0.0211	-0.8808	9.7839	0.6705
1	-0.0233	-0.0263	-0.2192	-0.0064	0.0217	0.0019	-8.5148	6.2713	0.2645
2	0.0122	-0.0373	-0.2400	-0.0287	-0.0181	0.0358	0.2312	9.7002	-1.9987
0	-0.0030	-0.0226	-0.0176	-0.0807	-0.0226	-0.0578	-0.6434	9.3662	0.8568
1	-0.0221	-0.0241	-0.2182	-0.0033	0.1058	-0.0236	-8.3987	6.0403	0.2696
2	0.0128	-0.0393	-0.2396	-0.0467	0.0083	0.0382	0.2235	9.5282	-2.0926
0	-0.0060	-0.0215	-0.0142	-0.0277	0.0023	-0.0824	-1.0287	10.0945	0.3723
1	-0.0210	-0.0195	-0.2196	0.0158	0.0549	0.0093	-8.4877	6.5273	0.1871
2	0.0147	-0.0403	-0.2369	-0.0452	0.0083	0.0920	0.1787	9.3385	-2.0626
0	-0.0078	-0.0189	-0.0123	-0.0583	0.0095	-0.0114	-0.8992	10.1451	0.4906
1	-0.0190	-0.0190	-0.2183	-0.0269	0.0166	-0.0257	-8.5812	6.6461	0.2515
2	0.0172	-0.0429	-0.2358	-0.0368	-0.0274	0.0385	0.3662	9.9691	-1.9054
0	-0.0082	-0.0186	-0.0111	0.0032	-0.0353	-0.0598	-0.8862	9.6563	0.6778
1	-0.0187	-0.0171	-0.2202	0.0454	0.0480	-0.0262	-8.3972	6.3810	0.1784
2	0.0172	-0.0443	-0.2349	0.0101	0.0545	0.0288	0.1924	9.8956	-1.7211
0	-0.0116	-0.0174	-0.0106	0.0383	-0.0503	-0.0491	-1.2338	10.1987	0.0423
1	-0.0191	-0.0132	-0.2245	0.0533	-0.0636	-0.1034	-8.5493	6.6321	0.2161
2	0.0194	-0.0456	-0.2352	0.0063	0.0045	0.0831	0.3146	9.5399	-1.8877
0	-0.0108	-0.0200	-0.0141	0.1231	-0.1506	0.0557	-0.8239	9.8913	0.2439
1	-0.0227	-0.0158	-0.2283	0.0899	-0.1418	-0.1451	-8.4372	6.4114	0.4177
2	0.0206	-0.0446	-0.2377	0.0836	0.1302	-0.0250	0.2017	10.1299	-1.6337
0	-0.0100	-0.0254	-0.0203	0.1290	-0.1580	0.0042	-0.8899	9.8205	1.1030
1	-0.0278	-0.0156	-0.2360	0.0690	-0.1151	-0.1300	-8.6272	5.9859	0.2338
2	0.0200	-0.0396	-0.2446	0.1413	0.1640	0.0060	0.0798	9.4855	-2.0359
0	-0.0089	-0.0295	-0.0253	0.0854	-0.1033	0.0547	-0.9282	10.0639	1.2399
1	-0.0308	-0.0179	-0.2389	-0.0076	-0.0960	-0.0948	-8.7922	6.0208	0.1656
2	0.0205	-0.0349	-0.2507	0.1152	0.1252	-0.0222	0.3105	9.4854	-2.3797
0	-0.0061	-0.0346	-0.0271	0.0371	-0.2323	0.0462	-0.8069	9.5317	0.8232
1	-0.0373	-0.0217	-0.2387	0.0161	-0.0809	-0.2471	-8.8019	5.9850	0.2258
2	0.0190	-0.0312	-0.2549	0.0337	0.1678	-0.0429	0.4132	9.6663	-2.5116
0	-0.0039	-0.0428	-0.0295	0.0428	-0.1787	0.0647	-0.8758	10.1474	1.7665
1	-0.0454	-0.0249	-0.2396	-0.0686	-0.0590	-0.1617	-9.0380	5.8144	0.2357
2	0.0181	-0.0228	-0.2579	0.0757	0.2157	-0.0210	0.2530	9.5696	-2.3917
0	0.0007	-0.0488	-0.0271	-0.1260	-0.1610	0.0797	-0.8313	9.4904	1.2077
1	-0.0515	-0.0329	-0.2302	-0.1251	0.0342	-0.1971	-8.9284	5.7148	0.1373
2	0.0155	-0.0164	-0.2593	-0.0904	0.1535	-0.0758	0.4995	9.6468	-3.1493
0	0.0031	-0.0556	-0.0230	-0.0360	-0.1909	0.0177	-1.0678	9.7238	0.7132
1	-0.0600	-0.0362	-0.2251	-0.0331	0.0066	-0.1907	-8.4523	6.0806	0.1324
2	0.0125	-0.0098	-0.2556	-0.0774	0.2121	-0.0076	0.3474	9.3773	-2.4919
0	0.0034	-0.0626	-0.0219	-0.0030	-0.2331	-0.0176	-0.8024	9.6442	0.8708
1	-0.0673	-0.0359	-0.2257	0.0328	-0.0139	-0.2486	-8.7468	6.0054	0.2777
2	0.0122	-0.0034	-0.2546	-0.0107	0.1753	0.0228	0.3064	9.4211	-2.0451
0	0.0024	-0.0717	-0.0221	0.0373	-0.2183	-0.0405	-0.6520	9.8342	1.4312
1	-0.0763	-0.0334	-0.2302	0.0529	-0.0214	-0.1598	-8.8985	5.7229	0.4790
2	0.0137	0.0049	-0.2552	0.0349	0.2523	0.0489	0.1592	9.5621	-2.3813
0	0.0014	-0.0759	-0.0229	0.0142	-0.0700	-0.0045	-0.6137	9.7765	1.2537
1	-0.0796	-0.0330	-0.2321	-0.0079	-0.0203	-0.0885	-8.7482	5.7694	0.4782
2	0.0155	0.0115	-0.2572	0.0285	0.0864	0.0170	0.0771	9.4329	-2.8195
0	0.0029	-0.0783	-0.0226	-0.0375	-0.1316	0.0745	-0.7056	9.9506	1.2528
1	-0.0833	-0.0384	-0.2276	-0.1115	-0.0388	-0.1545	-8.7791	5.8812	0.4122
2	0.0153	0.0132	-0.2582	-0.0024	0.1040	-0.0175	0.1122	9.4652	-2.5575
0	0.0075	-0.0834	-0.0206	-0.0132	-0.1358	0.0481	-0.6010	9.2611	0.8089
1	-0.0888	-0.0454	-0.2212	-0.0119	-0.0164	-0.1316	-8.3637	5.7632	0.4238
2	0.0115	0.0180	-0.2576	-0.0517	0.1657	-0.0678	0.1445	9.5075	-2.4777
0	0.0083	-0.0866	-0.0210	0.0419	-0.1253	-0.0017	-0.7090	9.7576	0.9824
1	-0.0924	-0.0455	-0.2231	0.0519	-0.0716	-0.1332	-8.6266	5.8653	0.4271
2	0.0102	0.0220	-0.2582	0.0325	0.1161	0.0139	-0.0227	9.0817	-2.2281
0	0.0083	-0.0911	-0.0252	0.1700	-0.2086	0.0301	-0.8977	9.9751	0.9322
1	-0.0989	-0.0452	-0.2305	0.0794	-0.1710	-0.2279	-9.0028	5.9834	0.4225
2	0.0108	0.0253	-0.2612	0.1054	0.1438	0.0044	0.0645	9.5095	-2.2905
0	0.0096	-0.0980	-0.0320	0.1469	-0.1917	0.0572	-0.7905	9.7532	1.4330
1	-0.1065	-0.0478	-0.2364	0.0777	-0.1827	-0.2060	-9.0119	5.6225	0.3842
2	0.0115	0.0324	-0.2688	0.1412	0.1988	-0.0360	0.1836	9.7258	-2.6278
0	0.0114	-0.1043	-0.0393	0.1357	-0.1564	0.0819	-0.6617	9.8686	1.8308
1	-0.1119	-0.0517	-0.2411	-0.0032	-0.1474	-0.1028	-8.9832	5.4985	0.3773
2	0.0113	0.0392	-0.2766	0.1680	0.1852	-0.0487	0.1862	9.4244	-2.7879
0	0.0154	-0.1094	-0.0430	0.0279	-0.1487	0.0924	-0.7044	9.6274	1.5405
1	-0.1140	-0.0583	-0.2389	-0.0606	-0.0644	0.0231	-8.9196	5.5123	0.3599
2	0.0092	0.0442	-0.2822	0.0498	0.1554	-0.0699	0.2542	9.3774	-3.0134
0	0.0221	-0.1046	-0.0426	-0.0424	0.3064	0.1806	-0.6576	9.9155	1.5430
1	-0.0988	-0.0696	-0.2274	-0.1104	-0.0488	0.4937	-8.5867	5.6601	0.4101
2	0.0058	0.0468	-0.2848	-0.0232	-0.1255	-0.1417	0.2504	9.2661	-3.0019
0	0.0248	-0.0925	-0.0455	0.1588	0.0173	-0.0799	-0.5279	8.7633	1.0492
1	-0.0832	-0.0674	-0.2345	0.1489	-0.0777	0.0528	-9.0186	5.4324	0.4951
2	0.0003	0.0335	-0.2871	0.1113	-0.1958	-0.0187	-0.0749	9.0662	-2.4884
0	0.0230	-0.0958	-0.0488	0.0109	-0.1985	0.0166	-0.5198	9.6024	1.8058
1	-0.0868	-0.0677	-0.2379	0.0041	-0.0667	-0.2465	-9.1303	5.4113	0.5302
2	0.0039	0.0320	-0.2922	0.0618	0.1463	0.0212	0.0744	9.4434	-2.9120
0	0.0224	-0.1056	-0.0504	0.0648	-0.2557	-0.0373	-0.5964	9.5590	1.7842
1	-0.0991	-0.0679	-0.2418	0.0750	-0.0724	-0.3226	-8.9618	5.4682	0.4905
2	0.0042	0.0396	-0.2937	0.0574	0.2437	0.0282	0.0764	9.3465	-2.9794
0	0.0201	-0.1164	-0.0521	0.0432	-0.2936	-0.0176	-0.6287	9.9397	1.6397
1	-0.1111	-0.0669	-0.2472	0.0211	-0.0628	-0.2444	-9.0353	5.6711	0.4974
2	0.0069	0.0503	-0.2959	0.0515	0.2906	0.0775	0.1208	9.3184	-3.0076
0	0.0213	-0.1226	-0.0539	0.0280	-0.0744	0.0440	-0.7084	9.8462	1.7771
1	-0.1145	-0.0704	-0.2465	-0.0008	-0.0642	-0.0810	-8.9907	5.6012	0.3970
2	0.0084	0.0599	-0.2978	0.0372	0.1156	-0.0301	0.2551	9.4630	-3.0264
0	0.0218	-0.1257	-0.0553	0.0422	-0.1733	0.0113	-0.6067	9.6738	1.5329
1	-0.1198	-0.0713	-0.2488	0.0299	-0.0849	-0.1779	-9.0130	5.5658	0.5253
2	0.0077	0.0623	-0.3000	0.0456	0.1428	0.0132	0.1874	9.3919	-2.9518
0	0.0227	-0.1312	-0.0575	0.0511	-0.1489	0.0298	-0.5896	9.7107	1.8969
1	-0.1251	-0.0734	-0.2509	0.0224	-0.0885	-0.1513	-9.1053	5.4017	0.5407
2	0.0079	0.0674	-0.3020	0.0607	0.1655	-0.0168	0.0710	9.4232	-2.9518
0	0.0241	-0.1371	-0.0603	0.0731	-0.2048	0.0613	-0.6443	9.7387	1.7545
1	-0.1322	-0.0774	-0.2524	-0.0166	-0.1751	-0.1954	-9.1737	5.4052	0.6057
2	0.0075	0.0729	-0.3050	0.0614	0.1684	-0.0199	0.1041	9.3760	-3.1289
0	0.0309	-0.1421	-0.0667	0.2007	-0.0639	0.2539	-0.6035	10.0022	1.5309
1	-0.1354	-0.0926	-0.2484	0.0003	-0.2921	-0.0262	-9.1065	5.4839	0.7903
2	0.0042	0.0796	-0.3101	0.1057	0.1271	-0.2050	0.0765	9.5640	-3.1550
0	0.0361	-0.1412	-0.0762	0.1845	0.0439	0.0198	-0.2793	9.5027	2.1670
1	-0.1310	-0.0945	-0.2571	0.1328	-0.1426	0.1000	-9.1760	5.3065	0.5535
2	-0.0020	0.0802	-0.3207	0.2095	0.0263	-0.1193	-0.1123	9.2733	-3.1724
0	0.0352	-0.1365	-0.0825	0.1035	0.0051	0.0264	-0.2491	9.6018	1.8422
1	-0.1272	-0.0954	-0.2636	0.0411	-0.1439	-0.0512	-9.2473	5.3342	0.8494
2	0.0002	0.0751	-0.3298	0.1272	-0.0654	-0.0196	-0.0209	9.3582	-3.3180
0	0.0367	-0.1414	-0.0857	0.0134	-0.3420	0.0181	-0.1161	9.0465	1.8981
1	-0.1374	-0.0979	-0.2651	0.0356	-0.0347	-0.4210	-9.2203	5.1933	0.8221
2	-0.0003	0.0754	-0.3343	0.0772	0.2240	-0.0298	-0.1570	9.5085	-3.2052
0	0.0360	-0.1580	-0.0857	0.0258	-0.4102	-0.0230	-0.3880	9.7072	2.2149
1	-0.1531	-0.0966	-0.2679	0.0190	-0.0351	-0.3269	-9.0737	5.1003	0.7739
2	0.0003	0.0902	-0.3355	0.0387	0.4661	0.0698	-0.1930	9.1961	-3.1721
0	0.0371	-0.1705	-0.0856	-0.0087	-0.2674	0.0334	-0.4338	9.5173	2.2164
1	-0.1642	-0.0994	-0.2663	0.0008	-0.0254	-0.2407	-9.2291	5.0091	0.6829
2	0.0021	0.1055	-0.3362	0.0136	0.2862	-0.0031	-0.0116	9.1125	-3.5285
0	0.0378	-0.1825	-0.0853	-0.0003	-0.3171	-0.0218	-0.4299	9.4349	2.2543
1	-0.1753	-0.0992	-0.2671	0.0214	-0.0093	-0.3093	-9.3515	4.9783	0.6627
2	0.0021	0.1175	-0.3367	0.0199	0.3033	0.0276	-0.0187	9.1352	-3.5606
0	0.0378	-0.1930	-0.0849	-0.0076	-0.2271	0.0251	-0.4433	9.5890	2.3873
1	-0.1849	-0.1006	-0.2661	-0.0120	-0.0145	-0.1914	-9.2948	4.9996	0.6328
2	0.0035	0.1287	-0.3366	0.0149	0.2559	0.0210	0.0156	9.1765	-3.5775
0	0.0391	-0.1992	-0.0842	0.0021	-0.1049	0.0482	-0.6243	10.0587	2.3299
1	-0.1875	-0.1034	-0.2643	-0.0182	-0.0420	-0.0262	-9.3525	5.1055	0.6003
2	0.0036	0.1366	-0.3364	0.0015	0.1665	0.0078	0.0854	9.1425	-3.6646
0	0.0403	-0.2013	-0.0845	0.0354	-0.1520	0.0166	-0.4408	9.5591	2.1015
1	-0.1899	-0.1023	-0.2682	0.0689	-0.0905	-0.1637	-9.4604	5.0494	0.7505
2	0.0027	0.1391	-0.3372	0.0253	0.1005	-0.0007	0.0956	9.2861	-3.6166
0	0.0409	-0.2083	-0.0873	0.0618	-0.2203	0.0358	-0.3082	9.3754	2.6681
1	-0.1970	-0.1030	-0.2715	0.0215	-0.0753	-0.2321	-9.4996	4.7239	0.7662
2	0.0033	0.1446	-0.3395	0.0736	0.1962	-0.0107	-0.0788	9.2670	-3.7025
0	0.0416	-0.2172	-0.0890	0.0390	-0.2613	0.0074	-0.2853	9.5061	2.6428
1	-0.2067	-0.1033	-0.2736	0.0203	-0.0656	-0.2358	-9.5424	4.7358	0.8161
2	0.0037	0.1531	-0.3421	0.0552	0.2597	0.0177	-0.0983	9.0374	-3.9697
0	0.0431	-0.2260	-0.0916	0.0663	-0.2243	0.0526	-0.3128	9.5637	2.5787
1	-0.2153	-0.1070	-0.2741	0.0221	-0.1167	-0.2577	-9.5967	4.8190	0.8187
2	0.0044	0.1621	-0.3440	0.0648	0.2223	-0.0292	-0.1035	9.2142	-3.9663
0	0.0447	-0.2363	-0.0951	0.0829	-0.3124	0.0744	-0.3497	9.5737	2.7447
1	-0.2268	-0.1119	-0.2745	-0.0055	-0.1233	-0.3114	-9.6379	4.7206	0.7752
2	0.0039	0.1721	-0.3476	0.0884	0.3096	-0.0368	-0.0981	9.2813	-3.8341
0	0.0476	-0.2499	-0.0985	0.0558	-0.3295	0.0540	-0.3420	9.1596	2.6737
1	-0.2406	-0.1187	-0.2723	0.0263	-0.1188	-0.2879	-9.4523	4.4827	0.7270
2	0.0029	0.1844	-0.3512	0.0506	0.3382	-0.0487	-0.0122	9.1007	-4.0965
0	0.0486	-0.2599	-0.1024	0.0997	-0.1998	0.0371	-0.2811	9.1301	3.0745
1	-0.2485	-0.1205	-0.2756	0.0650	-0.0974	-0.1421	-9.3497	4.2090	0.7356
2	0.0027	0.1972	-0.3545	0.1004	0.2516	-0.0352	-0.0685	8.7701	-4.0615
0	0.0472	-0.2642	-0.1067	0.1629	-0.0899	-0.0413	-0.2577	8.9687	2.5693
1	-0.2517	-0.1126	-0.2881	0.1953	-0.0994	-0.0788	-9.1644	4.2827	0.8447
2	0.0038	0.2034	-0.3585	0.1150	0.1308	0.0178	-0.1225	8.4482	-4.2123
0	0.0422	-0.2655	-0.1130	0.1153	-0.0994	-0.0730	-0.2535	9.0744	3.6248
1	-0.2547	-0.0988	-0.3052	0.0956	0.0014	-0.1591	-9.6823	4.0560	0.6716
2	0.0093	0.2050	-0.3640	0.1726	0.0625	0.0862	-0.1902	8.4865	-4.0683
0	0.0394	-0.2743	-0.1132	-0.0130	-0.3125	-0.0273	-0.3962	9.2274	3.2380
1	-0.2661	-0.0938	-0.3092	0.0226	0.0074	-0.2858	-9.9110	4.0793	0.6756
2	0.0140	0.2095	-0.3651	0.0179	0.2560	0.0786	0.1626	8.8572	-4.6694
0	0.0379	-0.2835	-0.1132	0.0419	-0.1565	-0.0485	-0.3922	9.1792	3.4303
1	-0.2743	-0.0884	-0.3142	0.0523	0.0241	-0.1517	-9.7604	3.9807	0.6299
2	0.0167	0.2206	-0.3638	0.0435	0.1924	0.0555	0.0567	8.8306	-4.5651
0	0.0343	-0.2895	-0.1109	-0.0909	-0.1653	-0.1817	-0.2534	8.5671	3.7971
1	-0.2800	-0.0766	-0.3202	0.0804	0.2425	-0.1746	-9.8530	3.7567	0.4348
2	0.0203	0.2261	-0.3629	-0.0147	0.1477	0.1168	0.1449	8.6222	-4.7429
0	0.0277	-0.2936	-0.1039	-0.0306	-0.0557	-0.1038	-0.7646	10.0176	3.0766
1	-0.2836	-0.0615	-0.3280	0.0314	0.0344	-0.0819	-9.8894	4.2121	0.6949
2	0.0271	0.2309	-0.3552	-0.0612	0.0945	0.2244	0.1876	8.4235	-4.8559
0	0.0255	-0.2976	-0.1030	0.0274	-0.2052	-0.0394	-0.5959	9.1320	2.9302
1	-0.2896	-0.0559	-0.3333	0.0689	-0.0258	-0.2022	-9.7917	4.2661	0.5712
2	0.0309	0.2327	-0.3520	0.0233	0.1583	0.0510	0.1621	9.2537	-4.3253
0	0.0228	-0.3038	-0.1046	0.0810	-0.1449	-0.0427	-0.5546	9.2142	3.4915
1	-0.2947	-0.0474	-0.3432	0.0767	-0.0402	-0.1327	-9.7598	3.8529	0.5332
2	0.0341	0.2394	-0.3527	0.0891	0.1641	0.0650	0.1412	8.6990	-4.3601
0	0.0207	-0.3090	-0.1068	0.0644	-0.1829	0.0144	-0.6666	9.3101	3.2747
1	-0.3005	-0.0434	-0.3496	0.0453	-0.0852	-0.1791	-9.9457	3.9849	0.4852
2	0.0375	0.2438	-0.3545	0.0693	0.1593	0.0278	0.2877	8.7176	-4.7540
0	0.0202	-0.3159	-0.1102	0.0848	-0.2056	0.0138	-0.5891	9.0852	3.4741
1	-0.3075	-0.0405	-0.3556	0.0504	-0.0747	-0.2000	-9.8918	3.8683	0.4851
2	0.0390	0.2502	-0.3571	0.0906	0.2012	-0.0037	0.2577	8.8048	-4.6298
0	0.0197	-0.3233	-0.1134	0.0633	-0.1801	0.0387	-0.6478	9.3833	3.6043
1	-0.3142	-0.0394	-0.3598	0.0053	-0.1061	-0.1530	-9.9524	3.9183	0.4965
2	0.0410	0.2579	-0.3602	0.0801	0.1950	0.0028	0.2863	8.6938	-4.7642
0	0.0209	-0.3280	-0.1172	0.1039	-0.1414	0.0600	-0.5489	9.1319	3.5586
1	-0.3184	-0.0416	-0.3622	0.0348	-0.1185	-0.1877	-9.9865	3.8292	0.5548
2	0.0412	0.2634	-0.3633	0.0933	0.1491	-0.0565	0.2656	8.8134	-4.7609
0	0.0216	-0.3364	-0.1226	0.1012	-0.2860	0.0698	-0.5960	9.2290	3.7366
1	-0.3278	-0.0419	-0.3665	0.0123	-0.1328	-0.2798	-10.0898	3.6957	0.5269
2	0.0416	0.2700	-0.3681	0.1027	0.2561	-0.0165	0.2139	8.7123	-4.7793
0	0.0230	-0.3462	-0.1273	0.0925	-0.2319	0.0703	-0.5682	9.1642	4.0203
1	-0.3373	-0.0448	-0.3687	-0.0014	-0.1468	-0.1949	-10.0680	3.4655	0.5503
2	0.0421	0.2804	-0.3725	0.1004	0.2624	-0.0419	0.2486	8.6007	-5.0333
0	0.0254	-0.3526	-0.1319	0.0808	-0.1486	0.0913	-0.4488	8.8024	3.8563
1	-0.3427	-0.0521	-0.3667	-0.0029	-0.1210	-0.1505	-9.9675	3.3868	0.5704
2	0.0415	0.2882	-0.3770	0.0808	0.1771	-0.0939	0.2635	8.4872	-5.2124
0	0.0274	-0.3587	-0.1357	0.0555	-0.2160	0.0666	-0.4251	8.9275	3.9698
1	-0.3496	-0.0573	-0.3653	-0.0281	-0.1192	-0.1874	-10.0391	3.4006	0.6249
2	0.0403	0.2938	-0.3811	0.0756	0.1906	-0.0481	0.1728	8.3563	-5.1520
0	0.0302	-0.3646	-0.1401	0.0922	-0.1216	0.0915	-0.5273	8.9232	3.8383
1	-0.3541	-0.0652	-0.3624	-0.0117	-0.1392	-0.1068	-9.9115	3.4255	0.5928
2	0.0391	0.3015	-0.3845	0.0754	0.1538	-0.0863	0.1514	8.4364	-5.1010
0	0.0323	-0.3690	-0.1448	0.0787	-0.1711	0.0539	-0.4505	8.6367	3.8048
1	-0.3583	-0.0685	-0.3629	0.0281	-0.1001	-0.1871	-9.9417	3.3349	0.5592
2	0.0375	0.3056	-0.3893	0.0755	0.1434	-0.0587	0.1928	8.3392	-5.0924
0	0.0324	-0.3751	-0.1490	0.1067	-0.1594	0.0480	-0.5945	9.0689	3.9831
1	-0.3640	-0.0674	-0.3677	0.0328	-0.1169	-0.1232	-9.9883	3.3987	0.5484
2	0.0381	0.3115	-0.3927	0.1022	0.1868	-0.0212	0.1482	8.3066	-5.0518
0	0.0322	-0.3795	-0.1535	0.0981	-0.1844	0.0172	-0.4706	8.5949	3.9839
1	-0.3685	-0.0636	-0.3751	0.0726	-0.0576	-0.2131	-10.1652	3.2882	0.4802
2	0.0391	0.3159	-0.3968	0.1100	0.1318	-0.0320	0.2572	8.4358	-5.1716
0	0.0299	-0.3897	-0.1550	0.0343	-0.3136	-0.0684	-0.4107	8.5103	4.4004
1	-0.3798	-0.0496	-0.3885	0.0772	0.0410	-0.3244	-10.2043	2.9048	0.4955
2	0.0420	0.3228	-0.3994	0.0741	0.2788	0.0786	0.2607	8.3051	-5.3309
0	0.0264	-0.4054	-0.1529	-0.0077	-0.4084	-0.0633	-0.6049	8.8490	4.2402
1	-0.3961	-0.0369	-0.3988	0.0255	-0.0113	-0.4233	-10.2452	2.9931	0.6038
2	0.0473	0.3369	-0.3973	0.0146	0.3863	0.1216	0.2738	8.1655	-5.6016
0	0.0255	-0.4236	-0.1527	0.0342	-0.4979	0.0226	-0.5684	8.7481	4.3709
1	-0.4155	-0.0328	-0.4045	0.0020	-0.0941	-0.4659	-10.2303	2.8394	0.6277
2	0.0506	0.3540	-0.3952	0.0397	0.4746	0.0475	0.2652	8.3909	-5.4719
0	0.0264	-0.4426	-0.1546	0.0422	-0.4156	0.0263	-0.4145	8.2574	4.7061
1	-0.4320	-0.0309	-0.4086	0.0412	-0.0681	-0.3889	-10.1247	2.4883	0.5726
2	0.0520	0.3725	-0.3958	0.0465	0.4458	-0.0088	0.2508	8.1256	-5.7035
0	0.0246	-0.4550	-0.1566	0.0879	-0.1771	-0.0225	-0.5591	8.5997	5.0588
1	-0.4407	-0.0176	-0.4232	0.0504	-0.0720	-0.0787	-10.1095	2.3095	0.5504
2	0.0539	0.3878	-0.3967	0.0853	0.2893	0.0488	0.1952	7.4893	-5.9553
0	0.0226	-0.4571	-0.1604	0.1081	-0.1048	-0.0104	-0.5164	8.2864	4.6879
1	-0.4423	-0.0056	-0.4374	0.0836	-0.0710	-0.1237	-10.3391	2.4319	0.5233
2	0.0573	0.3930	-0.3989	0.1094	0.0627	-0.0064	0.2992	7.7479	-6.0861
0	0.0196	-0.4616	-0.1632	0.1008	-0.1590	-0.0360	-0.6070	8.5159	4.8293
1	-0.4475	0.0147	-0.4595	0.0789	-0.0637	-0.1465	-10.4615	2.4751	0.4630
2	0.0607	0.3961	-0.4014	0.1082	0.1574	0.0443	0.3224	7.9452	-5.9544
0	0.0173	-0.4656	-0.1670	0.1106	-0.1052	0.0495	-0.6849	8.9236	4.9966
1	-0.4503	0.0225	-0.4705	0.0148	-0.1323	-0.1165	-10.6369	2.4375	0.5117
2	0.0647	0.4007	-0.4035	0.1093	0.1206	0.0008	0.4171	8.0931	-6.1103
0	0.0177	-0.4723	-0.1709	0.0663	-0.3725	0.0036	-0.4530	7.9798	4.6360
1	-0.4611	0.0308	-0.4811	0.0609	-0.0653	-0.4285	-10.6745	2.3384	0.4608
2	0.0658	0.4045	-0.4071	0.0663	0.2249	-0.0390	0.4205	8.1466	-6.2372
0	0.0159	-0.4884	-0.1729	0.0595	-0.3474	0.0136	-0.8039	8.9280	5.0258
1	-0.4749	0.0452	-0.4975	0.0017	-0.1223	-0.2950	-10.4675	2.4953	0.4214
2	0.0685	0.4193	-0.4080	0.0789	0.4159	0.0415	0.3481	8.0016	-6.0679
0	0.0174	-0.5014	-0.1774	0.1052	-0.3454	0.0966	-0.5366	8.0675	4.7808
1	-0.4872	0.0481	-0.5061	0.0431	-0.1488	-0.3332	-10.3253	2.2996	0.5259
2	0.0698	0.4333	-0.4106	0.0883	0.3233	-0.0871	0.4388	8.1525	-6.0222
0	0.0170	-0.5168	-0.1821	0.0905	-0.4227	0.0163	-0.5569	7.8683	5.4568
1	-0.5020	0.0698	-0.5313	0.0329	-0.0958	-0.3965	-10.4147	1.6967	0.4144
2	0.0711	0.4481	-0.4153	0.1093	0.4131	0.0024	0.3140	7.5079	-6.1871
0	0.0172	-0.5318	-0.1848	0.0429	-0.2722	0.0731	-0.5782	8.0808	5.7056
1	-0.5133	0.0752	-0.5391	-0.0029	-0.1024	-0.1927	-10.3479	1.4711	0.4725
2	0.0735	0.4641	-0.4171	0.0485	0.3365	-0.0320	0.4726	7.2959	-6.7024
0	0.0176	-0.5399	-0.1881	0.0655	-0.2046	0.0109	-0.4242	7.4161	5.5918
1	-0.5202	0.0894	-0.5547	0.0406	-0.0360	-0.2225	-10.3181	1.2918	0.4903
2	0.0737	0.4731	-0.4193	0.0714	0.1797	-0.0263	0.3528	7.0111	-6.7478
0	0.0166	-0.5485	-0.1889	0.0303	-0.1592	0.0053	-0.6115	7.8789	5.7104
1	-0.5272	0.1054	-0.5699	0.0078	-0.0387	-0.1275	-10.2981	1.3176	0.4548
2	0.0759	0.4814	-0.4196	0.0337	0.2120	0.0268	0.3659	6.9764	-6.7950
0	0.0154	-0.5517	-0.1897	0.0405	-0.1347	-0.0360	-0.5259	7.5194	5.5582
1	-0.5311	0.1276	-0.5906	0.0665	0.0166	-0.2154	-10.4619	1.3768	0.4083
2	0.0774	0.4860	-0.4196	0.0561	0.0915	0.0241	0.4090	6.9691	-6.7032
0	0.0118	-0.5618	-0.1881	0.0216	-0.2952	-0.0870	-0.6302	8.0667	5.6141
1	-0.5408	0.1785	-0.6381	0.0398	0.0038	-0.2256	-10.5910	1.5373	0.4548
2	0.0811	0.4925	-0.4178	0.0346	0.2753	0.1241	0.3951	7.1984	-6.6884
0	0.0104	-0.5704	-0.1882	0.0338	-0.2029	0.0055	-0.5880	7.8085	5.6344
1	-0.5468	0.2016	-0.6600	0.0323	-0.0271	-0.2123	-10.6697	1.4445	0.4317
2	0.0850	0.5024	-0.4151	0.0358	0.1790	0.0151	0.5035	7.4875	-6.8278
0	0.0092	-0.5780	-0.1887	0.0428	-0.1752	-0.0015	-0.6238	7.8297	5.8172
1	-0.5528	0.2336	-0.6909	0.0369	-0.0327	-0.0856	-10.4309	1.2518	0.4307
2	0.0869	0.5092	-0.4146	0.0425	0.2213	0.0376	0.4503	7.2675	-6.8660
0	0.0080	-0.5794	-0.1902	0.0364	-0.0024	0.0353	-0.8296	8.1047	6.1180
1	-0.5520	0.2320	-0.6886	-0.0893	-0.0212	0.0091	-10.6428	1.2209	0.2761
2	0.0892	0.5131	-0.4147	0.0503	0.0198	-0.0011	0.5017	6.9914	-6.9342
0	0.0119	-0.5781	-0.1902	-0.0803	-0.0324	0.0816	-0.6206	7.6837	5.7070
1	-0.5527	0.1908	-0.6448	-0.0773	0.0007	-0.0723	-10.5492	1.2728	0.4199
2	0.0874	0.5115	-0.4146	-0.0814	0.0145	-0.0662	0.7803	7.2938	-7.2805
0	0.0141	-0.5794	-0.1897	0.0230	-0.0714	-0.0039	-0.4719	7.5842	5.5067
1	-0.5541	0.1896	-0.6417	0.0324	-0.0290	-0.0398	-10.3200	1.3302	0.5644
2	0.0839	0.5121	-0.4130	-0.0181	0.0745	-0.0166	0.3135	7.0381	-6.6565
0	0.0127	-0.5787	-0.1907	0.0554	0.0342	0.0098	-0.7425	8.0194	5.9936
1	-0.5513	0.1928	-0.6444	-0.0114	-0.0473	0.0512	-10.5269	1.2738	0.4288
2	0.0848	0.5126	-0.4127	0.0599	0.0054	0.0111	0.2925	7.0224	-6.7072
0	0.0125	-0.5762	-0.1921	0.0401	-0.0296	-0.0140	-0.3929	7.3713	5.7610
1	-0.5491	0.1898	-0.6407	0.0247	-0.0156	-0.0483	-10.6081	1.1113	0.4754
2	0.0855	0.5094	-0.4135	0.0283	-0.0191	-0.0276	0.5420	7.1842	-7.0204
0	0.0119	-0.5753	-0.1918	-0.0145	0.0487	0.0062	-0.4931	7.9400	6.2056
1	-0.5474	0.1845	-0.6330	-0.0458	0.0153	0.0586	-10.6138	1.0992	0.5497
2	0.0865	0.5086	-0.4131	0.0036	-0.0005	0.0173	0.3432	6.9856	-7.0750
0	0.0132	-0.5702	-0.1916	0.0252	0.1148	0.0725	-0.8415	8.3526	5.5220
1	-0.5419	0.1498	-0.5979	-0.1229	-0.1309	0.1651	-10.6440	1.4871	0.4945
2	0.0854	0.5046	-0.4117	-0.0138	-0.0934	-0.0378	0.3839	7.2586	-6.9891
0	0.0194	-0.5612	-0.1954	-0.0784	0.1312	0.1761	-0.4732	6.9296	6.0893
1	-0.5346	0.0709	-0.5191	-0.1347	0.0573	0.0521	-10.5393	0.9742	0.2088
2	0.0808	0.4963	-0.4145	-0.0691	-0.1713	-0.2208	0.6472	7.5240	-7.0084
0	0.0218	-0.5586	-0.1912	-0.0365	-0.0092	-0.1363	-0.5052	7.3952	5.3289
1	-0.5330	0.0762	-0.5163	0.0462	0.1306	0.0592	-10.2327	1.1396	0.4263
2	0.0747	0.4910	-0.4129	-0.0895	-0.0037	0.0901	0.4658	6.5057	-6.9484
0	0.0188	-0.5512	-0.1864	-0.0530	0.1815	-0.0706	-0.5679	8.1449	5.6154
1	-0.5239	0.0807	-0.5129	-0.0037	0.1289	0.1485	-10.5367	1.7155	0.4845
2	0.0776	0.4871	-0.4062	-0.0323	-0.1809	0.0945	0.3092	6.9309	-6.6931
0	0.0175	-0.5438	-0.1816	-0.0554	0.0668	-0.0862	-0.4340	8.0834	5.0007
1	-0.5180	0.0846	-0.5091	0.0140	0.1062	0.0353	-10.4620	1.9658	0.6372
2	0.0787	0.4775	-0.4006	-0.0636	-0.1203	0.1000	0.3765	7.5702	-6.5081
0	0.0156	-0.5400	-0.1781	-0.0107	0.0430	-0.0750	-0.3795	8.2237	5.3611
1	-0.5142	0.0930	-0.5122	0.0086	0.0464	0.0232	-10.5601	1.9102	0.7168
2	0.0801	0.4731	-0.3957	-0.0178	-0.0524	0.0845	0.1651	7.6764	-6.2592
0	0.0151	-0.5369	-0.1757	-0.0303	0.0113	-0.0321	-0.4161	8.0978	5.5372
1	-0.5113	0.0895	-0.5047	-0.0026	0.0377	0.0031	-10.7278	1.7281	0.6494
2	0.0815	0.4689	-0.3923	-0.0328	-0.0304	0.0237	0.2496	7.7358	-6.6262
0	0.0146	-0.5361	-0.1737	-0.0128	-0.0525	-0.0435	-0.4785	8.0180	5.4391
1	-0.5109	0.0937	-0.5053	-0.0018	0.0294	-0.0497	-10.6393	1.7049	0.5865
2	0.0817	0.4669	-0.3895	-0.0134	0.0275	0.0458	0.2311	7.5986	-6.6894
0	0.0143	-0.5363	-0.1721	-0.0258	-0.0174	-0.0109	-0.5178	7.9420	5.6149
1	-0.5106	0.0914	-0.4997	-0.0125	0.0494	-0.0369	-10.5619	1.5676	0.4883
2	0.0824	0.4670	-0.3870	-0.0215	0.0217	0.0191	0.3482	7.5312	-6.6884
0	0.0140	-0.5359	-0.1693	-0.0370	0.0060	-0.0500	-0.5413	7.8775	5.4652
1	-0.5101	0.0929	-0.4962	-0.0019	0.0528	0.0650	-10.2186	1.4983	0.5054
2	0.0823	0.4663	-0.3844	-0.0435	0.0329	0.0533	0.3993	7.3104	-6.7393
0	0.0122	-0.5264	-0.1683	0.0674	0.3739	-0.0477	-0.4226	7.8339	5.4534
1	-0.4965	0.0908	-0.4909	0.0641	0.0300	0.4683	-9.8278	1.4884	0.5833
2	0.0828	0.4625	-0.3814	0.0193	-0.2327	0.0260	0.2620	6.9191	-6.4879
0	0.0080	-0.5051	-0.1685	0.0383	0.3854	-0.1244	-0.4446	7.6042	4.9832
1	-0.4761	0.0985	-0.4936	0.1069	0.1312	0.2121	-10.3205	1.8216	0.4102
2	0.0851	0.4417	-0.3815	0.0482	-0.4891	0.0653	0.2878	6.9113	-6.4443
0	0.0023	-0.4959	-0.1650	-0.0242	0.0639	-0.1388	-0.6556	8.4358	5.1203
1	-0.4700	0.1188	-0.5065	0.0352	0.1342	0.0860	-10.4957	2.2177	0.4252
2	0.0895	0.4285	-0.3780	0.0012	-0.1166	0.1750	0.3894	7.5492	-6.1975
0	-0.0017	-0.4872	-0.1613	0.0206	0.1871	-0.1022	-0.7476	8.4182	4.9562
1	-0.4596	0.1293	-0.5101	0.0800	0.1009	0.1733	-10.4712	2.2993	0.3952
2	0.0937	0.4216	-0.3723	-0.0032	-0.1816	0.1001	0.4490	7.8841	-6.1518
0	-0.0059	-0.4795	-0.1581	-0.0501	0.0532	-0.1077	-0.7434	8.4446	5.1209
1	-0.4535	0.1395	-0.5133	0.0144	0.1533	-0.0086	-10.8195	2.2767	0.2474
2	0.0976	0.4112	-0.3685	-0.0237	-0.1279	0.1204	0.5821	7.9751	-6.3178
0	-0.0083	-0.4775	-0.1527	-0.0498	0.0492	-0.0816	-0.9545	8.9199	4.8588
1	-0.4509	0.1460	-0.5127	0.0048	0.0846	0.1053	-10.5319	2.4825	0.2734
2	0.1000	0.4084	-0.3630	-0.0648	-0.0076	0.1306	0.6569	8.0946	-6.3214
0	-0.0102	-0.4699	-0.1503	0.0046	0.1606	-0.0459	-0.7643	8.5508	4.7492
1	-0.4423	0.1437	-0.5063	0.0174	0.0447	0.1569	-10.4253	2.5220	0.3520
2	0.1015	0.4030	-0.3588	-0.0152	-0.1609	0.0547	0.6133	8.0750	-6.0701
0	-0.0120	-0.4624	-0.1491	0.0133	0.1054	-0.0465	-0.8032	8.4773	4.9676
1	-0.4349	0.1438	-0.5030	-0.0051	0.0662	0.0955	-10.5382	2.3544	0.2616
2	0.1028	0.3936	-0.3569	0.0163	-0.1189	0.0516	0.4762	7.9914	-5.9356
0	-0.0128	-0.4567	-0.1464	-0.0403	0.0739	-0.0314	-0.8409	8.6511	4.7266
1	-0.4301	0.1407	-0.4948	-0.0201	0.0577	0.0505	-10.5193	2.5234	0.2626
2	0.1038	0.3875	-0.3546	-0.0448	-0.0882	0.0539	0.6810	7.9919	-6.2178
0	-0.0127	-0.4532	-0.1441	-0.0576	0.0230	-0.0153	-0.7641	8.4549	4.7711
1	-0.4273	0.1352	-0.4846	-0.0356	0.0726	-0.0000	-10.3651	2.5012	0.2942
2	0.1039	0.3826	-0.3516	-0.0333	-0.0536	0.0362	0.5882	8.1384	-5.9278
0	-0.0130	-0.4513	-0.1407	-0.0254	0.0213	-0.0770	-0.7542	8.3150	4.6274
1	-0.4250	0.1381	-0.4822	0.0072	0.0830	0.0344	-10.2126	2.4251	0.2958
2	0.1033	0.3800	-0.3477	-0.0390	-0.0109	0.0732	0.5093	7.8455	-5.8573
0	-0.0148	-0.4480	-0.1370	-0.0395	0.0307	-0.0709	-0.7848	8.3923	4.5795
1	-0.4220	0.1400	-0.4792	0.0067	0.0795	0.0426	-10.3148	2.5226	0.2784
2	0.1047	0.3770	-0.3442	-0.0490	-0.0495	0.0706	0.5773	7.8722	-5.9748
0	-0.0164	-0.4436	-0.1340	-0.0317	0.1016	-0.0576	-0.8024	8.5645	4.9056
1	-0.4161	0.1402	-0.4740	-0.0169	0.0989	0.1006	-10.3573	2.5244	0.2575
2	0.1059	0.3731	-0.3404	-0.0277	-0.0887	0.0670	0.5377	7.9202	-5.8551
0	-0.0170	-0.4387	-0.1298	-0.0827	0.0395	-0.0607	-0.7621	8.5011	4.4910
1	-0.4122	0.1377	-0.4651	-0.0251	0.0961	0.0282	-10.3104	2.6844	0.2797
2	0.1066	0.3669	-0.3366	-0.0725	-0.0770	0.0679	0.6035	8.0142	-5.9907
0	-0.0176	-0.4346	-0.1259	-0.0427	0.0971	-0.0451	-0.8789	8.6087	4.5413
1	-0.4077	0.1347	-0.4570	-0.0198	0.0791	0.1033	-10.1715	2.7293	0.2502
2	0.1067	0.3630	-0.3316	-0.0590	-0.0633	0.0580	0.5434	8.0495	-5.6607
0	-0.0186	-0.4281	-0.1228	-0.0250	0.0672	-0.0555	-0.7672	8.4392	4.2592
1	-0.4022	0.1338	-0.4515	0.0110	0.0639	0.0459	-10.1781	2.7554	0.2963
2	0.1069	0.3567	-0.3282	-0.0377	-0.1100	0.0561	0.5523	7.9866	-5.6535
0	-0.0205	-0.4244	-0.1201	-0.0221	0.0596	-0.0883	-0.8271	8.4810	4.6568
1	-0.3979	0.1390	-0.4515	0.0257	0.1062	0.0666	-10.2515	2.6303	0.2325
2	0.1080	0.3522	-0.3254	-0.0177	-0.0456	0.0689	0.4950	8.0243	-5.5920
0	-0.0229	-0.4193	-0.1166	-0.0435	0.1025	-0.0674	-0.8830	8.7436	4.5932
1	-0.3922	0.1410	-0.4478	-0.0095	0.1144	0.0853	-10.3222	2.7330	0.2226
2	0.1101	0.3476	-0.3220	-0.0365	-0.0967	0.0935	0.5900	7.9686	-5.8161
0	-0.0248	-0.4145	-0.1126	-0.0492	0.0671	-0.1107	-0.8945	8.7027	4.4802
1	-0.3875	0.1454	-0.4456	-0.0048	0.1188	0.0954	-10.3304	2.8413	0.1892
2	0.1115	0.3419	-0.3178	-0.0552	-0.0760	0.1047	0.6243	8.1073	-5.7538
0	-0.0260	-0.4082	-0.1083	-0.0864	0.1120	-0.0261	-0.8724	8.8066	4.3728
1	-0.3819	0.1394	-0.4336	-0.0564	0.0996	0.0602	-10.3425	3.0152	0.2391
2	0.1132	0.3363	-0.3131	-0.0714	-0.1382	0.0601	0.6593	8.2457	-5.6891
0	-0.0261	-0.4046	-0.1038	-0.0740	0.0300	-0.0893	-0.7710	8.5043	4.2205
1	-0.3788	0.1394	-0.4275	0.0226	0.1363	0.0555	-10.1823	3.0019	0.2385
2	0.1122	0.3306	-0.3086	-0.0795	-0.0366	0.0724	0.5717	8.3057	-5.4672
0	-0.0287	-0.4011	-0.0993	-0.0393	0.0624	-0.0689	-1.0254	9.0541	4.2194
1	-0.3729	0.1439	-0.4258	-0.0030	0.0804	0.1125	-10.1254	3.1694	0.1982
2	0.1141	0.3274	-0.3035	-0.0372	-0.0587	0.1167	0.5052	8.1558	-5.3438
0	-0.0302	-0.3953	-0.0967	-0.0091	0.0903	-0.0653	-0.8378	8.6235	4.0870
1	-0.3671	0.1447	-0.4229	0.0236	0.0749	0.0822	-10.0798	3.1240	0.2108
2	0.1153	0.3222	-0.3001	-0.0288	-0.1067	0.0518	0.6278	8.3521	-5.2893
0	-0.0323	-0.3903	-0.0938	-0.0433	0.0708	-0.0785	-0.8513	8.6975	4.2088
1	-0.3618	0.1475	-0.4202	-0.0050	0.0932	0.0838	-10.1185	3.0660	0.1997
2	0.1169	0.3158	-0.2975	-0.0346	-0.0817	0.0850	0.5805	8.1884	-5.4148
0	-0.0341	-0.3821	-0.0910	-0.0028	0.2237	-0.0449	-0.9924	8.9408	4.3344
1	-0.3521	0.1448	-0.4128	-0.0090	0.0631	0.2931	-10.0203	3.0636	0.1632
2	0.1183	0.3098	-0.2940	-0.0242	-0.1601	0.0593	0.6028	8.2132	-5.3702
0	-0.0353	-0.3656	-0.0895	-0.0299	0.4577	-0.0639	-0.8106	8.5751	4.3726
1	-0.3325	0.1364	-0.3987	0.0171	0.1346	0.4669	-9.9532	2.9712	0.1083
2	0.1187	0.2971	-0.2925	-0.0250	-0.3928	0.0257	0.6824	8.0394	-5.5393
0	-0.0380	-0.3445	-0.0864	-0.0418	0.3968	-0.0874	-0.9980	8.9075	3.8232
1	-0.3134	0.1327	-0.3877	-0.0048	0.1406	0.3025	-10.1489	3.4234	0.0941
2	0.1194	0.2758	-0.2898	-0.0346	-0.4560	0.0781	0.6299	8.0199	-5.3885
0	-0.0405	-0.3303	-0.0819	-0.0721	0.2101	-0.0960	-1.0487	8.9888	3.5529
1	-0.3025	0.1321	-0.3801	-0.0244	0.1456	0.1961	-10.0535	3.7538	0.0486
2	0.1206	0.2582	-0.2858	-0.0683	-0.2522	0.0930	0.7140	8.6772	-4.9301
0	-0.0424	-0.3182	-0.0775	-0.0415	0.3556	-0.0801	-1.1647	9.1687	3.5044
1	-0.2848	0.1277	-0.3675	-0.0274	0.0899	0.6079	-9.5130	3.8155	0.0466
2	0.1217	0.2468	-0.2810	-0.0806	-0.2490	0.0787	0.7418	8.6387	-4.7503
0	-0.0432	-0.2846	-0.0766	0.0226	0.9608	0.0166	-1.0154	9.1924	3.4771
1	-0.2462	0.1101	-0.3446	0.0049	0.0831	0.9533	-9.3731	3.9654	0.0631
2	0.1216	0.2216	-0.2787	-0.0132	-0.7848	-0.0394	0.7240	8.3173	-4.6729
0	-0.0453	-0.2453	-0.0770	0.0079	0.5989	-0.0967	-1.0199	9.0144	2.4409
1	-0.2157	0.1055	-0.3345	0.0160	0.1321	0.3770	-10.0261	4.6252	-0.0475
2	0.1196	0.1791	-0.2796	0.0181	-0.8433	0.0240	0.6326	8.4483	-4.3204
0	-0.0485	-0.2332	-0.0728	-0.1018	-0.0268	-0.0854	-1.0538	9.4820	2.3112
1	-0.2098	0.1084	-0.3307	-0.0361	0.1350	-0.0805	-10.0142	4.9885	0.0116
2	0.1212	0.1540	-0.2777	-0.0773	-0.1431	0.1038	0.7830	9.6568	-3.7808
0	-0.0506	-0.2324	-0.0683	-0.0177	0.0805	-0.1044	-1.1191	9.4974	2.5579
1	-0.2073	0.1135	-0.3298	0.0269	0.0925	0.1190	-9.4162	4.7354	0.0910
2	0.1229	0.1522	-0.2726	-0.0619	-0.0000	0.0985	0.6284	9.3892	-3.6931
0	-0.0533	-0.2255	-0.0662	-0.0315	0.1101	-0.0671	-1.0477	9.4005	2.7482
1	-0.2006	0.1153	-0.3273	0.0153	0.0876	0.0816	-9.7308	4.6027	0.0446
2	0.1255	0.1459	-0.2702	-0.0317	-0.1421	0.0677	0.6264	9.0184	-3.9222
0	-0.0557	-0.2209	-0.0636	-0.0277	0.0530	-0.0740	-1.1639	9.4593	2.5698
1	-0.1968	0.1182	-0.3264	0.0101	0.0863	0.0227	-9.6903	4.6857	-0.0084
2	0.1271	0.1398	-0.2678	-0.0340	-0.0714	0.0767	0.6975	9.1586	-4.0054
0	-0.0577	-0.2177	-0.0611	-0.0437	0.0399	-0.0533	-1.1777	9.5420	2.7156
1	-0.1942	0.1205	-0.3240	-0.0446	0.1004	0.0267	-9.6168	4.6816	-0.0741
2	0.1288	0.1359	-0.2655	-0.0373	-0.0448	0.0767	0.7352	9.1665	-3.8969
0	-0.0587	-0.2151	-0.0569	-0.0691	0.0095	-0.0586	-1.1186	9.3305	2.3899
1	-0.1922	0.1216	-0.3199	-0.0173	0.1015	0.0254	-9.4226	4.7269	-0.0290
2	0.1297	0.1324	-0.2619	-0.0815	-0.0245	0.0714	0.7836	9.0578	-3.9106
0	-0.0601	-0.2111	-0.0541	-0.0297	0.1086	-0.0422	-1.2178	9.5224	2.5471
1	-0.1869	0.1217	-0.3162	-0.0174	0.0739	0.1164	-9.3319	4.7617	-0.0797
2	0.1307	0.1295	-0.2586	-0.0368	-0.0672	0.0665	0.6896	8.9886	-3.6393
0	-0.0616	-0.2055	-0.0515	-0.0415	0.0399	-0.0714	-1.0928	9.1548	2.3109
1	-0.1822	0.1238	-0.3139	0.0135	0.1035	0.0214	-9.3814	4.7593	-0.0836
2	0.1313	0.1229	-0.2565	-0.0413	-0.0820	0.0677	0.7638	8.9844	-3.6880
0	-0.0645	-0.2029	-0.0483	-0.0396	0.0351	-0.0821	-1.2368	9.5311	2.4668
1	-0.1794	0.1281	-0.3137	0.0004	0.0922	0.0371	-9.4190	4.8065	-0.1114
2	0.1333	0.1197	-0.2539	-0.0367	-0.0243	0.1010	0.7282	8.9933	-3.6268
0	-0.0668	-0.1994	-0.0454	-0.0483	0.0537	-0.0778	-1.2058	9.2982	2.5158
1	-0.1758	0.1312	-0.3118	-0.0004	0.1142	0.0366	-9.3878	4.7523	-0.1551
2	0.1354	0.1160	-0.2510	-0.0442	-0.0560	0.0821	0.8071	9.0636	-3.7027
0	-0.0697	-0.1954	-0.0415	-0.0447	0.0568	-0.0959	-1.3230	9.3358	2.3422
1	-0.1719	0.1357	-0.3108	0.0198	0.1118	0.0611	-9.3528	4.8209	-0.2029
2	0.1375	0.1119	-0.2477	-0.0565	-0.0613	0.0922	0.8322	9.0190	-3.6754
0	-0.0728	-0.1906	-0.0386	-0.0449	0.1029	-0.0806	-1.3032	9.4677	2.4067
1	-0.1667	0.1391	-0.3091	0.0021	0.1138	0.1085	-9.3185	4.8630	-0.2336
2	0.1402	0.1072	-0.2446	-0.0421	-0.0992	0.0971	0.8806	9.0258	-3.6079
0	-0.0757	-0.1837	-0.0356	-0.0286	0.1299	-0.1002	-1.3096	9.3505	2.1745
1	-0.1597	0.1427	-0.3076	0.0217	0.1150	0.1218	-9.3020	4.9421	-0.2381
2	0.1424	0.1002	-0.2417	-0.0391	-0.1416	0.0912	0.8982	9.0361	-3.5286
0	-0.0788	-0.1769	-0.0328	-0.0504	0.1049	-0.0740	-1.2986	9.4539	2.1386
1	-0.1534	0.1451	-0.3048	-0.0032	0.1137	0.0843	-9.2896	5.0456	-0.2337
2	0.1449	0.0928	-0.2393	-0.0477	-0.1251	0.0853	0.8938	9.1254	-3.4658
0	-0.0811	-0.1707	-0.0296	-0.0396	0.1123	-0.0605	-1.4222	9.6844	2.0332
1	-0.1475	0.1463	-0.3011	-0.0284	0.0810	0.1268	-9.2492	5.1818	-0.2300
2	0.1467	0.0866	-0.2364	-0.0515	-0.1071	0.0784	0.8893	9.1841	-3.3197
0	-0.0818	-0.1636	-0.0272	-0.0515	0.1357	-0.0393	-1.2855	9.3595	2.0393
1	-0.1403	0.1447	-0.2953	-0.0037	0.1025	0.1224	-9.2016	5.1311	-0.2595
2	0.1473	0.0795	-0.2342	-0.0521	-0.1417	0.0342	0.9175	9.2749	-3.3047
0	-0.0841	-0.1556	-0.0245	-0.0266	0.1497	-0.0703	-1.3831	9.5914	2.0227
1	-0.1323	0.1463	-0.2923	-0.0001	0.0874	0.1561	-9.1596	5.1551	-0.2608
2	0.1482	0.0719	-0.2319	-0.0330	-0.1390	0.0826	0.8690	9.1045	-3.2050
0	-0.0863	-0.1470	-0.0220	-0.0441	0.1716	-0.0811	-1.3969	9.2713	2.1040
1	-0.1239	0.1472	-0.2884	-0.0034	0.1330	0.1852	-9.1457	5.0635	-0.3539
2	0.1497	0.0634	-0.2302	-0.0406	-0.1715	0.0651	0.9281	9.1375	-3.2802
0	-0.0889	-0.1373	-0.0189	-0.0507	0.2483	-0.0757	-1.5310	9.6212	1.8228
1	-0.1126	0.1480	-0.2829	-0.0096	0.1107	0.2367	-9.0576	5.2712	-0.3828
2	0.1515	0.0537	-0.2274	-0.0618	-0.2417	0.0840	1.0351	9.0586	-3.2483
0	-0.0913	-0.1237	-0.0154	-0.0887	0.2646	-0.0747	-1.3910	9.2286	1.9701
1	-0.1008	0.1473	-0.2756	-0.0388	0.1667	0.2586	-8.9578	5.1872	-0.4178
2	0.1528	0.0412	-0.2248	-0.0681	-0.2616	0.0608	1.0328	9.1525	-3.0733
0	-0.0945	-0.1111	-0.0097	-0.0965	0.2899	-0.1277	-1.4751	9.4986	1.3328
1	-0.0879	0.1496	-0.2685	0.0021	0.1784	0.2916	-8.7921	5.5051	-0.3787
2	0.1541	0.0283	-0.2202	-0.1210	-0.2856	0.1136	1.0184	8.9639	-3.0106
0	-0.0986	-0.0947	-0.0058	-0.0521	0.3562	-0.0953	-1.6847	9.8229	1.2708
1	-0.0710	0.1511	-0.2619	-0.0066	0.1488	0.3444	-8.8765	5.9012	-0.5142
2	0.1569	0.0135	-0.2156	-0.0605	-0.3518	0.1012	0.9323	9.2501	-2.5804
0	-0.1011	-0.0805	-0.0014	-0.1232	0.1255	-0.0682	-1.7352	9.8233	0.8246
1	-0.0615	0.1511	-0.2539	-0.0886	0.1466	-0.0537	-9.2402	6.2347	-0.6549
2	0.1587	-0.0032	-0.2125	-0.0994	-0.2885	0.0661	1.2355	9.7380	-2.4951
0	-0.1014	-0.0811	0.0056	-0.1539	-0.1242	-0.0055	-1.5707	9.7591	0.9224
1	-0.0664	0.1505	-0.2471	-0.0648	0.1116	-0.1851	-8.9452	6.1337	-0.4692
2	0.1591	-0.0070	-0.2066	-0.1580	0.0850	0.0411	1.2515	10.1646	-2.2908
0	-0.1024	-0.0859	0.0108	-0.0651	-0.0396	-0.0498	-1.5849	9.7908	1.4469
1	-0.0697	0.1529	-0.2451	-0.0340	0.0792	0.0602	-8.5847	5.7456	-0.4115
2	0.1589	-0.0024	-0.2014	-0.0808	0.1377	0.0815	0.9485	9.5480	-2.1964
0	-0.1034	-0.0783	0.0123	0.0171	0.2174	-0.0469	-1.4818	9.4248	1.2458
1	-0.0592	0.1515	-0.2411	0.0430	0.0489	0.2151	-8.6754	5.5727	-0.3758
2	0.1596	-0.0049	-0.1993	-0.0171	-0.1962	0.0280	0.9472	9.0617	-2.6052
0	-0.1059	-0.0690	0.0121	-0.0206	0.1399	-0.0687	-1.5087	9.5937	1.6213
1	-0.0505	0.1531	-0.2396	-0.0029	0.1000	0.1257	-8.8796	5.5960	-0.4790
2	0.1605	-0.0151	-0.2001	0.0138	-0.1672	0.0751	0.9191	9.1301	-2.5376
0	-0.1079	-0.0617	0.0143	-0.0368	0.1465	-0.0364	-1.5879	9.8960	1.1657
1	-0.0443	0.1530	-0.2353	-0.0672	0.0775	0.1426	-8.7771	5.9132	-0.4331
2	0.1623	-0.0228	-0.1991	-0.0463	-0.1342	0.0697	1.0723	9.3522	-2.6595
0	-0.1065	-0.0520	0.0154	0.0425	0.1971	0.0843	-1.7883	10.3331	0.4133
1	-0.0376	0.1458	-0.2273	-0.0718	-0.1287	0.1496	-8.5990	6.5130	-0.3119
2	0.1620	-0.0316	-0.1974	-0.0416	-0.1959	-0.0128	1.0664	9.6036	-2.2765
0	-0.1009	-0.0406	0.0102	0.1468	0.0781	0.1073	-1.5264	9.4347	0.3261
1	-0.0320	0.1341	-0.2230	-0.0277	-0.1569	0.0001	-8.5980	6.3947	-0.4277
2	0.1570	-0.0431	-0.2007	0.0951	-0.1917	-0.1469	0.9208	10.0200	-1.6292
0	-0.0961	-0.0363	0.0053	0.0908	0.1243	0.1047	-1.4573	9.7104	1.1710
1	-0.0263	0.1243	-0.2186	-0.0326	-0.1124	0.2601	-8.3619	5.8068	-0.3691
2	0.1517	-0.0490	-0.2076	0.0706	-0.0358	-0.0980	0.9570	9.5959	-1.8751
0	-0.0929	-0.0223	0.0010	0.0785	0.2269	-0.0150	-1.2972	9.0112	0.8682
1	-0.0114	0.1181	-0.2148	-0.0050	0.0013	0.2438	-8.4496	5.7506	-0.4006
2	0.1471	-0.0577	-0.2123	0.0743	-0.2774	-0.0826	0.8725	8.9756	-2.3352
0	-0.0912	-0.0113	0.0009	-0.0351	0.2256	0.0870	-1.6521	10.0000	0.8713
1	-0.0001	0.1102	-0.2059	-0.1153	-0.0056	0.2124	-8.6954	6.1783	-0.5001
2	0.1450	-0.0715	-0.2156	-0.0410	-0.2166	-0.0666	1.0985	9.4724	-2.3456
0	-0.0874	-0.0023	0.0028	-0.0462	0.0739	0.0331	-1.4048	9.4104	0.3142
1	0.0057	0.1043	-0.1979	-0.0537	0.0439	0.0432	-8.4624	6.3681	-0.4446
2	0.1401	-0.0815	-0.2147	-0.0651	-0.1305	-0.0554	1.0930	9.7236	-2.0123
0	-0.0872	0.0023	0.0054	-0.0548	0.1133	-0.0463	-1.4988	9.7683	0.6822
1	0.0113	0.1041	-0.1938	-0.0208	0.1094	0.2017	-8.2176	6.3291	-0.4715
2	0.1384	-0.0854	-0.2135	-0.0476	-0.0429	0.0175	0.8854	9.5222	-1.6795
0	-0.0904	0.0156	0.0081	-0.0334	0.3406	-0.0898	-1.5985	10.0620	0.3857
1	0.0262	0.1059	-0.1902	-0.0134	0.1023	0.3734	-8.1833	6.5776	-0.4634
2	0.1394	-0.0948	-0.2113	-0.0418	-0.2853	0.0807	0.9357	9.2995	-1.7679
0	-0.0918	0.0337	0.0099	-0.0416	0.3746	-0.0473	-1.3611	9.4876	0.1284
1	0.0450	0.1044	-0.1836	-0.0199	0.1121	0.3545	-8.1071	6.6355	-0.3855
2	0.1404	-0.1120	-0.2101	-0.0458	-0.3950	0.0137	0.9678	9.7481	-1.5511
0	-0.0940	0.0519	0.0120	-0.0218	0.3732	-0.0598	-1.5337	9.8535	-0.3034
1	0.0628	0.1043	-0.1785	-0.0131	0.0813	0.3736	-7.8908	6.9080	-0.3873
2	0.1406	-0.1313	-0.2086	-0.0456	-0.3710	0.0472	0.8497	9.5263	-1.2929
0	-0.0956	0.0707	0.0129	-0.0207	0.3747	-0.0605	-1.4068	9.5274	-0.3378
1	0.0806	0.1039	-0.1738	0.0153	0.1151	0.3489	-7.7746	6.9680	-0.4289
2	0.1407	-0.1486	-0.2084	-0.0243	-0.3949	0.0206	0.8455	9.6850	-0.9835
0	-0.0992	0.0869	0.0143	-0.0424	0.2925	-0.1033	-1.4562	9.5568	-0.2876
1	0.0953	0.1071	-0.1717	0.0272	0.1462	0.2741	-7.6837	6.9253	-0.4623
2	0.1419	-0.1675	-0.2081	-0.0261	-0.3248	0.0882	0.8029	9.5316	-0.8742
0	-0.1033	0.1004	0.0150	0.0356	0.2306	-0.0765	-1.6911	9.9152	-0.8438
1	0.1077	0.1108	-0.1721	0.0532	0.0584	0.1778	-7.6756	7.1940	-0.4564
2	0.1451	-0.1822	-0.2076	0.0055	-0.2651	0.1014	0.8629	9.5362	-0.7477
0	-0.1054	0.1102	0.0133	-0.0001	0.1183	-0.0440	-1.6441	9.8624	-0.3076
1	0.1153	0.1127	-0.1724	-0.0087	0.0731	0.1088	-7.7917	7.1388	-0.6631
2	0.1473	-0.1930	-0.2100	0.0306	-0.1427	0.0641	0.9468	9.8391	-0.5890
0	-0.1072	0.1163	0.0142	-0.0376	0.1022	-0.0693	-1.5582	9.6442	-0.4936
1	0.1207	0.1148	-0.1712	-0.0045	0.0941	0.0746	-7.6553	7.1028	-0.6274
2	0.1484	-0.2000	-0.2106	-0.0258	-0.1151	0.0530	1.1467	9.7404	-0.8331
0	-0.1097	0.1218	0.0165	-0.0668	0.0957	-0.0459	-1.6955	9.9001	-0.4581
1	0.1259	0.1163	-0.1679	-0.0796	0.1100	0.1145	-7.6066	7.1662	-0.6256
2	0.1503	-0.2059	-0.2097	-0.0540	-0.0820	0.0694	0.9922	9.6010	-0.6936
0	-0.1111	0.1294	0.0212	-0.0848	0.1846	-0.0452	-1.6440	9.6936	-0.8614
1	0.1339	0.1160	-0.1616	-0.0529	0.1001	0.2029	-7.3991	7.2917	-0.5925
2	0.1509	-0.2126	-0.2065	-0.1115	-0.1602	0.0348	1.0860	9.6490	-0.7263
0	-0.1118	0.1412	0.0241	-0.0597	0.2496	-0.0116	-1.5562	9.6323	-0.9291
1	0.1464	0.1143	-0.1549	-0.0468	0.1068	0.2416	-7.2736	7.3677	-0.5706
2	0.1510	-0.2227	-0.2038	-0.0641	-0.2475	0.0097	0.9595	9.6079	-0.3743
0	-0.1137	0.1536	0.0267	-0.0390	0.2478	-0.0776	-1.6239	9.5364	-1.3390
1	0.1587	0.1160	-0.1518	0.0526	0.0818	0.2310	-7.1222	7.5045	-0.5699
2	0.1507	-0.2362	-0.2017	-0.0620	-0.2554	0.0597	0.9135	9.4165	-0.2036
0	-0.1176	0.1661	0.0259	0.0072	0.1654	-0.0960	-1.6789	9.7764	-0.9322
1	0.1698	0.1190	-0.1528	0.0081	0.0919	0.1686	-7.3765	7.5458	-0.6876
2	0.1528	-0.2486	-0.2027	0.0296	-0.1964	0.0916	0.8544	9.6357	0.0499
0	-0.1199	0.1751	0.0278	-0.0593	0.2035	-0.0414	-1.8539	9.7750	-1.0993
1	0.1805	0.1198	-0.1484	-0.0407	0.0824	0.2379	-7.2104	7.5225	-0.7528
2	0.1550	-0.2580	-0.2032	-0.0652	-0.1810	0.0469	1.1575	9.8057	-0.3215
0	-0.1211	0.1885	0.0300	-0.0439	0.2920	-0.0379	-1.7762	9.5089	-1.2096
1	0.1931	0.1194	-0.1437	-0.0380	0.1127	0.2742	-6.9934	7.5689	-0.8223
2	0.1554	-0.2704	-0.2018	-0.0454	-0.2831	0.0171	1.1260	9.6051	-0.1083
0	-0.1229	0.2019	0.0328	-0.0854	0.2433	-0.0362	-1.8559	9.6244	-1.4769
1	0.2048	0.1200	-0.1381	-0.0594	0.1159	0.1985	-6.9928	7.7258	-0.8435
2	0.1556	-0.2838	-0.2005	-0.0796	-0.2664	0.0402	1.1629	9.5540	0.1083
0	-0.1247	0.2124	0.0361	-0.0466	0.1735	-0.0544	-1.7297	9.2569	-1.8224
1	0.2149	0.1220	-0.1341	0.0038	0.1212	0.2198	-6.6685	7.7291	-0.7651
2	0.1562	-0.2954	-0.1979	-0.0848	-0.1969	0.0415	1.1224	9.6488	0.2461
0	-0.1267	0.2312	0.0362	-0.0111	0.5144	-0.0245	-1.7124	9.6608	-1.4965
1	0.2346	0.1223	-0.1294	-0.0231	0.0993	0.5411	-6.3375	7.7680	-0.8282
2	0.1580	-0.3095	-0.1977	-0.0070	-0.3975	0.0420	1.0806	9.2472	0.5241
0	-0.1284	0.2562	0.0359	0.0262	0.4770	-0.0689	-1.8367	9.4963	-2.1965
1	0.2573	0.1224	-0.1253	0.0095	0.0573	0.4752	-6.5180	7.9646	-0.7567
2	0.1580	-0.3331	-0.1983	-0.0151	-0.5317	0.0490	1.0350	9.2900	0.6169
0	-0.1285	0.2788	0.0352	-0.0170	0.4497	0.0139	-1.7292	9.4156	-1.8982
1	0.2782	0.1194	-0.1187	-0.0661	0.0833	0.4241	-6.4955	8.0351	-0.8263
2	0.1577	-0.3564	-0.2001	-0.0064	-0.4703	-0.0272	1.0594	9.6653	0.8175
0	-0.1293	0.2981	0.0369	-0.0396	0.3572	-0.0424	-1.8436	9.4802	-2.3403
1	0.2955	0.1194	-0.1130	-0.0193	0.0850	0.3229	-6.3896	8.1666	-0.8769
2	0.1559	-0.3769	-0.1998	-0.0592	-0.4021	0.0267	1.1271	9.4676	0.7650
0	-0.1294	0.3149	0.0379	-0.0276	0.3662	0.0638	-2.0217	10.2175	-2.4704
1	0.3114	0.1166	-0.1064	-0.1343	0.0237	0.3713	-6.3609	8.7054	-0.8601
2	0.1560	-0.3948	-0.1996	-0.0278	-0.3458	0.0090	1.0816	9.7117	1.1731
0	-0.1260	0.3306	0.0409	-0.0249	0.2320	0.0337	-1.6870	9.2012	-3.0051
1	0.3244	0.1122	-0.0991	-0.0370	0.0269	0.1861	-6.2059	8.6123	-0.8201
2	0.1522	-0.4116	-0.1982	-0.0642	-0.3096	-0.0820	1.1742	10.0515	1.2973
0	-0.1260	0.3391	0.0420	-0.0528	0.1206	-0.0117	-1.9143	9.5965	-2.5882
1	0.3319	0.1118	-0.0958	-0.0855	0.0737	0.1191	-5.9925	8.5588	-0.9438
2	0.1498	-0.4224	-0.1984	-0.0274	-0.1294	0.0276	0.9313	9.6147	1.5726
0	-0.1255	0.3469	0.0448	-0.0255	0.1821	0.0392	-1.9294	9.5163	-3.1499
1	0.3399	0.1095	-0.0908	-0.0345	0.0039	0.2095	-5.7173	8.6374	-0.8600
2	0.1493	-0.4296	-0.1973	-0.0741	-0.1579	-0.0203	1.1671	9.6358	1.4786
0	-0.1242	0.3582	0.0441	0.0288	0.2428	-0.0202	-1.7664	9.0591	-2.7525
1	0.3510	0.1079	-0.0890	-0.0239	0.0422	0.3080	-5.4387	8.3675	-0.9216
2	0.1469	-0.4390	-0.1976	0.0192	-0.2059	-0.0170	1.0016	9.4512	1.7811
0	-0.1244	0.3745	0.0445	-0.0132	0.4176	-0.0523	-1.7132	8.7548	-3.1789
1	0.3693	0.1079	-0.0851	0.0442	0.0816	0.3931	-5.3296	8.3309	-0.9180
2	0.1454	-0.4538	-0.1994	-0.0308	-0.3877	-0.0043	1.0675	8.9797	1.5717
0	-0.1271	0.3940	0.0415	0.0487	0.3255	-0.0813	-2.0248	9.2848	-3.4562
1	0.3883	0.1096	-0.0852	0.0032	0.0480	0.2946	-5.3666	8.8177	-1.0141
2	0.1459	-0.4739	-0.2015	0.0421	-0.3731	0.0726	0.9297	9.0656	2.0786
0	-0.1284	0.4071	0.0412	-0.0338	0.1542	-0.0527	-1.6885	8.6719	-3.6152
1	0.3980	0.1107	-0.0838	0.0324	0.1034	0.0614	-5.2713	8.7867	-1.0114
2	0.1463	-0.4908	-0.2046	-0.0261	-0.2314	0.0208	1.2053	9.5414	2.1997
0	-0.1323	0.4128	0.0409	-0.0409	0.0844	-0.0772	-1.9385	9.2904	-3.3465
1	0.4026	0.1148	-0.0845	-0.0118	0.0959	0.0945	-5.1624	8.7434	-1.0064
2	0.1485	-0.4979	-0.2060	-0.0274	-0.0626	0.1090	1.0267	9.2081	2.3103
0	-0.1351	0.4200	0.0416	-0.0412	0.1299	-0.0484	-2.0101	9.0776	-3.2537
1	0.4090	0.1166	-0.0833	-0.0278	0.0841	0.1280	-5.1839	8.6635	-1.1140
2	0.1510	-0.5048	-0.2070	-0.0337	-0.1254	0.0601	1.1516	9.2012	2.1924
0	-0.1375	0.4274	0.0434	-0.0722	0.1674	-0.0422	-2.0826	9.0436	-3.2717
1	0.4168	0.1184	-0.0806	-0.0586	0.1019	0.1886	-5.0864	8.5781	-1.1635
2	0.1524	-0.5120	-0.2072	-0.0650	-0.1376	0.0559	1.2300	9.1062	2.1040
0	-0.1394	0.4389	0.0459	-0.0722	0.3130	-0.0295	-1.9252	8.9281	-3.5988
1	0.4297	0.1195	-0.0758	-0.0598	0.1155	0.3366	-4.7996	8.7430	-1.0970
2	0.1536	-0.5212	-0.2063	-0.0747	-0.2681	0.0231	1.1878	8.9484	2.2037
0	-0.1416	0.4557	0.0488	-0.0911	0.3646	-0.0477	-1.8571	8.7602	-4.0425
1	0.4477	0.1216	-0.0702	-0.0189	0.1341	0.3445	-4.6300	9.0113	-1.0816
2	0.1542	-0.5369	-0.2050	-0.0930	-0.3679	0.0250	1.1306	8.9466	2.4770
0	-0.1448	0.4739	0.0491	-0.0171	0.3848	-0.0759	-1.9773	9.0588	-4.1571
1	0.4639	0.1239	-0.0679	0.0032	0.1086	0.3797	-4.5470	9.2458	-1.0610
2	0.1559	-0.5550	-0.2043	-0.0320	-0.3739	0.0734	0.9964	9.0275	2.9573
0	-0.1474	0.4928	0.0480	0.0156	0.3295	-0.0824	-2.0149	8.9716	-4.4894
1	0.4820	0.1261	-0.0663	0.0252	0.0728	0.2615	-4.6326	9.3653	-1.0897
2	0.1573	-0.5741	-0.2060	-0.0142	-0.3867	0.0636	1.0698	9.1902	3.0497
0	-0.1493	0.5056	0.0463	0.0133	0.1524	-0.0669	-2.0862	8.8170	-4.5384
1	0.4918	0.1274	-0.0664	0.0231	0.0584	0.1237	-4.5528	9.3525	-1.1871
2	0.1583	-0.5890	-0.2088	0.0042	-0.2147	0.0597	1.1139	9.3690	3.1855
0	-0.1510	0.5126	0.0457	-0.0476	0.0924	-0.0371	-2.0273	8.7763	-4.1009
1	0.4976	0.1288	-0.0655	-0.0264	0.0883	0.0826	-4.4909	9.1037	-1.2607
2	0.1593	-0.5979	-0.2119	-0.0134	-0.1195	0.0506	1.2489	9.2378	3.1252
0	-0.1533	0.5189	0.0462	0.0007	0.1291	-0.0534	-2.1458	8.8386	-4.4375
1	0.5044	0.1304	-0.0651	0.0101	0.0455	0.1889	-4.1998	9.1674	-1.2237
2	0.1608	-0.6037	-0.2128	-0.0216	-0.0885	0.0629	1.1899	8.9377	3.0438
0	-0.1545	0.5291	0.0451	-0.0104	0.1990	-0.0441	-2.0943	8.7657	-4.2333
1	0.5149	0.1308	-0.0638	-0.0153	0.0535	0.1992	-4.2993	9.1602	-1.2928
2	0.1613	-0.6123	-0.2155	0.0037	-0.2022	0.0401	1.2053	8.8571	3.1903
0	-0.1553	0.5387	0.0446	0.0226	0.0862	-0.0345	-2.1357	8.5699	-4.7475
1	0.5223	0.1305	-0.0632	0.0059	0.0077	0.0672	-4.2541	9.2741	-1.2424
2	0.1613	-0.6230	-0.2175	0.0026	-0.1528	0.0241	1.2516	9.0210	3.1675
0	-0.1555	0.5436	0.0434	0.0102	0.0636	-0.0568	-1.9273	8.0985	-4.6114
1	0.5263	0.1310	-0.0638	0.0586	0.0640	0.0618	-3.8901	9.1121	-1.2567
2	0.1606	-0.6288	-0.2206	0.0112	-0.0613	0.0258	1.2033	8.9321	3.3883
0	-0.1560	0.5495	0.0391	0.1236	0.0743	-0.0456	-2.2642	8.8172	-4.9800
1	0.5329	0.1317	-0.0675	0.0830	-0.0283	0.1249	-3.8586	9.4858	-1.2508
2	0.1614	-0.6341	-0.2248	0.0807	-0.0716	0.0786	1.0922	8.6254	3.6530
0	-0.1533	0.5565	0.0329	0.1536	0.1129	-0.0125	-2.1209	8.8179	-4.7247
1	0.5414	0.1288	-0.0711	0.0615	-0.0527	0.1380	-3.9871	9.4750	-1.3033
2	0.1597	-0.6414	-0.2329	0.1514	-0.1097	0.0269	1.2270	9.0145	3.7283
0	-0.1509	0.5643	0.0287	0.0303	0.0537	-0.0230	-2.0996	8.4222	-4.4970
1	0.5471	0.1269	-0.0722	-0.0017	0.0240	0.0070	-4.1007	9.2580	-1.3941
2	0.1567	-0.6493	-0.2400	0.0682	-0.1037	0.0044	1.2813	8.9509	3.4135
0	-0.1517	0.5659	0.0286	-0.0303	-0.0023	-0.0227	-2.0853	8.6137	-4.6584
1	0.5480	0.1275	-0.0720	-0.0248	0.0434	0.0234	-3.8887	9.2987	-1.3083
2	0.1561	-0.6527	-0.2431	-0.0229	0.0106	0.0403	1.3455	8.8496	3.3098
0	-0.1525	0.5705	0.0291	-0.0123	0.0800	-0.0309	-2.1647	8.3820	-4.8617
1	0.5525	0.1278	-0.0710	-0.0087	0.0490	0.0937	-3.7274	9.3346	-1.3768
2	0.1564	-0.6552	-0.2445	-0.0206	-0.0696	0.0271	1.2296	8.7261	3.5636
0	-0.1538	0.5761	0.0301	-0.0563	0.1264	-0.0045	-2.1301	8.4992	-4.7696
1	0.5600	0.1282	-0.0685	-0.0363	0.0467	0.1645	-3.7264	9.2840	-1.3481
2	0.1567	-0.6611	-0.2462	-0.0402	-0.0968	0.0239	1.2901	8.6911	3.6034
0	-0.1545	0.5831	0.0307	0.0094	0.0627	-0.0473	-2.1083	7.7299	-5.2552
1	0.5661	0.1288	-0.0682	0.0616	0.0576	0.0062	-3.4425	9.1995	-1.3241
2	0.1565	-0.6681	-0.2469	-0.0139	-0.1219	0.0196	1.1604	8.5631	3.7629
0	-0.1587	0.5836	0.0262	0.0147	-0.0864	-0.1771	-2.2497	8.5566	-4.6560
1	0.5646	0.1344	-0.0746	0.0253	0.0899	-0.0128	-3.6069	9.2276	-1.4534
2	0.1581	-0.6716	-0.2512	0.0463	0.0909	0.1873	1.0828	8.1491	4.0404
0	-0.1616	0.5858	0.0257	-0.0462	0.0892	-0.0100	-2.3763	8.5800	-4.6879
1	0.5680	0.1354	-0.0732	-0.0487	0.0643	0.0888	-3.8533	9.3486	-1.4985
2	0.1622	-0.6725	-0.2558	-0.0377	-0.0627	0.0421	1.4576	8.7210	3.5015
0	-0.1631	0.5915	0.0273	-0.0592	0.1167	-0.0263	-2.3073	8.3410	-4.8475
1	0.5732	0.1365	-0.0707	-0.0519	0.0813	0.1159	-3.6733	9.2999	-1.5378
2	0.1628	-0.6777	-0.2558	-0.0519	-0.1023	0.0331	1.4782	8.7829	3.5057
0	-0.1650	0.5985	0.0293	-0.0694	0.1532	-0.0163	-2.3755	8.4041	-5.0004
1	0.5801	0.1376	-0.0671	-0.0787	0.0705	0.1846	-3.4819	9.3917	-1.5500
2	0.1639	-0.6844	-0.2557	-0.0673	-0.1307	0.0295	1.3924	8.5544	3.7423
0	-0.1659	0.6081	0.0317	-0.0495	0.2619	-0.0036	-2.2696	8.1875	-5.1597
1	0.5924	0.1376	-0.0621	-0.0637	0.0669	0.3011	-3.3269	9.3957	-1.5137
2	0.1642	-0.6934	-0.2549	-0.0629	-0.2387	-0.0088	1.4164	8.5465	3.8860
0	-0.1668	0.6222	0.0336	-0.0601	0.2995	-0.0004	-2.2956	8.1206	-5.2585
1	0.6070	0.1378	-0.0567	-0.0939	0.0900	0.3319	-3.1555	9.4500	-1.5491
2	0.1637	-0.7069	-0.2544	-0.0527	-0.2962	-0.0007	1.3327	8.4053	4.0041
0	-0.1672	0.6388	0.0367	-0.0283	0.3202	-0.0000	-2.3190	7.9483	-5.6827
1	0.6236	0.1375	-0.0503	-0.0536	0.0493	0.2910	-3.0131	9.5711	-1.5202
2	0.1631	-0.7218	-0.2533	-0.0653	-0.3143	-0.0342	1.3999	8.4476	4.2338
0	-0.1673	0.6520	0.0374	-0.0315	0.2072	-0.0191	-2.1383	7.7454	-5.5777
1	0.6342	0.1378	-0.0469	-0.0358	0.0858	0.1512	-2.9524	9.4862	-1.4678
2	0.1619	-0.7366	-0.2535	-0.0258	-0.2525	0.0005	1.2531	8.3797	4.4427
0	-0.1696	0.6631	0.0370	0.0126	0.2168	-0.0761	-2.2107	8.2185	-5.7896
1	0.6447	0.1399	-0.0459	0.0365	0.0404	0.2469	-2.8498	9.6467	-1.3668
2	0.1625	-0.7480	-0.2547	-0.0283	-0.1892	0.0761	1.1831	8.1895	4.4338
0	-0.1702	0.6779	0.0332	0.0278	0.2145	-0.0433	-2.3670	8.0620	-5.3458
1	0.6582	0.1402	-0.0441	-0.0144	0.0658	0.1582	-3.0296	9.5614	-1.5862
2	0.1630	-0.7618	-0.2594	0.0687	-0.2440	0.0559	1.1632	8.3734	4.5603
0	-0.1720	0.6856	0.0321	-0.0285	0.0813	-0.0544	-2.3854	7.9651	-5.6191
1	0.6639	0.1421	-0.0432	-0.0136	0.0601	0.0796	-2.8614	9.5500	-1.6238
2	0.1632	-0.7727	-0.2632	-0.0182	-0.1071	0.0709	1.4399	8.3626	4.3666
0	-0.1737	0.6921	0.0310	0.0098	0.1156	-0.0658	-2.3335	7.6511	-5.8270
1	0.6702	0.1429	-0.0428	0.0245	0.0480	0.1663	-2.4974	9.4964	-1.5970
2	0.1644	-0.7788	-0.2660	0.0056	-0.0944	0.0502	1.3642	8.1902	4.6252
0	-0.1758	0.7015	0.0274	0.0422	0.1647	-0.1407	-2.3574	7.4385	-5.7263
1	0.6813	0.1446	-0.0450	0.1265	0.0797	0.1960	-2.5133	9.4195	-1.7324
2	0.1648	-0.7869	-0.2704	0.0574	-0.1683	0.0849	1.3205	7.9098	4.7368
0	-0.1801	0.7087	0.0217	0.0414	0.0308	-0.1935	-2.4617	7.2279	-6.1602
1	0.6887	0.1486	-0.0503	0.1130	0.0930	0.0762	-2.2250	9.4183	-1.7345
2	0.1670	-0.7962	-0.2777	0.0591	-0.0933	0.1653	1.4266	7.8487	4.6682
0	-0.1852	0.7154	0.0152	0.0041	0.1506	-0.1584	-2.5689	7.7253	-5.7886
1	0.6972	0.1530	-0.0533	0.0207	0.1214	0.1940	-2.0245	9.5325	-1.8276
2	0.1708	-0.8014	-0.2860	0.0500	-0.0851	0.1673	1.4856	7.7125	4.9113
0	-0.1894	0.7252	0.0129	0.0044	0.1237	-0.1317	-2.4290	7.3286	-6.6095
1	0.7069	0.1569	-0.0541	0.0824	0.0938	0.1085	-2.1378	9.7816	-1.6894
2	0.1746	-0.8110	-0.2907	-0.0311	-0.1789	0.0990	1.5649	7.8790	4.8575
0	-0.1930	0.7324	0.0075	0.0247	0.0654	-0.1190	-2.7037	7.9849	-5.9278
1	0.7136	0.1600	-0.0573	0.0090	0.0767	0.0812	-2.4068	9.8233	-1.8576
2	0.1779	-0.8193	-0.2969	0.0483	-0.0752	0.1416	1.4231	8.1194	5.2279
0	-0.1959	0.7376	0.0063	-0.0365	0.0666	-0.0754	-2.5676	7.5457	-6.0899
1	0.7184	0.1624	-0.0569	0.0047	0.0836	0.0944	-2.3200	9.6714	-1.8355
2	0.1804	-0.8252	-0.3019	-0.0324	-0.0709	0.0715	1.6730	8.2716	4.7754
0	-0.1985	0.7439	0.0052	-0.0218	0.1139	-0.0642	-2.6347	7.6804	-5.9884
1	0.7257	0.1644	-0.0562	-0.0007	0.0745	0.1333	-2.3133	9.6825	-1.8655
2	0.1825	-0.8306	-0.3046	-0.0137	-0.1193	0.0700	1.5802	7.9849	4.9244
0	-0.2011	0.7491	0.0048	-0.0616	0.0477	-0.0459	-2.5492	7.7266	-6.0362
1	0.7301	0.1662	-0.0548	-0.0577	0.0574	0.0443	-2.3701	9.6997	-1.7830
2	0.1844	-0.8376	-0.3075	-0.0423	-0.0641	0.0688	1.5729	8.1309	4.8360
0	-0.2022	0.7531	0.0069	-0.0479	0.0944	0.0262	-2.6956	7.5577	-6.1799
1	0.7342	0.1659	-0.0514	-0.0736	0.0306	0.1217	-1.9727	9.6565	-1.8912
2	0.1856	-0.8412	-0.3082	-0.0539	-0.0739	-0.0060	1.5883	8.1452	4.9608
0	-0.2027	0.7597	0.0084	-0.0419	0.1123	-0.0473	-2.4343	6.8436	-6.2276
1	0.7407	0.1667	-0.0489	-0.0008	0.0909	0.1412	-1.6977	9.3883	-1.8882
2	0.1849	-0.8467	-0.3079	-0.0357	-0.1152	0.0075	1.5671	7.6456	5.1154
0	-0.2050	0.7693	0.0073	-0.0190	0.2479	-0.0409	-2.8127	7.5432	-6.1244
1	0.7536	0.1689	-0.0463	-0.0402	0.0717	0.2119	-1.8762	9.5584	-2.0271
2	0.1863	-0.8548	-0.3102	-0.0153	-0.1803	0.0767	1.4949	7.3204	5.1723
0	-0.2075	0.7806	0.0074	-0.0598	0.1285	-0.0742	-2.6330	7.0308	-6.4447
1	0.7614	0.1717	-0.0440	-0.0125	0.1015	0.1512	-1.7437	9.6623	-1.9967
2	0.1873	-0.8677	-0.3123	-0.0540	-0.1648	0.0502	1.7738	7.7178	5.0959
0	-0.2098	0.7913	0.0059	0.0399	0.2190	-0.0597	-2.8617	7.1314	-6.7836
1	0.7728	0.1732	-0.0431	0.0460	0.0312	0.2066	-1.4541	9.7424	-2.0119
2	0.1898	-0.8768	-0.3145	-0.0007	-0.2004	0.0612	1.5941	7.6150	5.5561
0	-0.2102	0.8014	0.0028	-0.0241	0.0914	-0.0579	-2.4831	6.7877	-6.0092
1	0.7791	0.1743	-0.0428	-0.0264	0.1062	0.0592	-1.7017	9.3915	-2.0213
2	0.1895	-0.8882	-0.3192	0.0346	-0.1547	0.0589	1.6762	7.5432	5.5430
0	-0.2142	0.8076	0.0027	-0.0686	0.2168	-0.0909	-2.8467	7.2363	-6.8088
1	0.7867	0.1792	-0.0405	-0.0087	0.1083	0.3127	-1.1263	9.7735	-2.0494
2	0.1916	-0.8942	-0.3218	-0.0872	-0.1105	0.1021	1.6659	7.3369	5.0970
0	-0.2162	0.8229	0.0001	0.0381	0.1770	-0.0971	-2.8687	6.7331	-7.0438
1	0.8000	0.1810	-0.0398	0.0555	0.0934	0.0113	-1.5899	9.9333	-2.2419
2	0.1944	-0.9069	-0.3243	0.0357	-0.3195	0.0650	1.6737	7.4657	6.0230
0	-0.2199	0.8219	-0.0036	-0.0399	-0.2342	-0.0972	-2.8362	7.1988	-6.6798
1	0.7938	0.1845	-0.0435	0.0043	0.0876	-0.1995	-1.6526	9.7894	-2.1351
2	0.1965	-0.9129	-0.3301	-0.0066	0.1950	0.1608	1.8473	7.9142	5.8358
0	-0.2236	0.8170	-0.0053	-0.0188	-0.1109	-0.1037	-2.8804	6.7877	-6.7677
1	0.7896	0.1876	-0.0465	0.0378	0.0599	-0.0894	-1.1532	9.5477	-2.1363
2	0.2003	-0.9065	-0.3346	-0.0283	0.1243	0.1258	1.7938	7.5214	5.6085
0	-0.2250	0.8170	-0.0081	0.0118	-0.0205	-0.0417	-3.0455	7.2020	-6.5712
1	0.7903	0.1878	-0.0483	-0.0043	0.0114	-0.0532	-1.4461	9.7447	-2.2980
2	0.2027	-0.9050	-0.3396	0.0325	0.0248	0.0733	1.8173	7.2770	5.6826
0	-0.2247	0.8155	-0.0088	0.0047	-0.1348	0.0077	-2.8520	7.1630	-6.7631
1	0.7864	0.1866	-0.0494	-0.0101	0.0034	-0.1708	-1.6770	9.8719	-2.1715
2	0.2025	-0.9054	-0.3438	0.0055	0.1020	0.0143	1.9623	7.8302	5.5893
0	-0.2241	0.8107	-0.0091	0.0063	-0.1060	0.0027	-2.8769	7.2024	-6.4052
1	0.7827	0.1856	-0.0504	-0.0373	-0.0046	-0.0463	-1.5399	9.6388	-2.1431
2	0.2019	-0.9012	-0.3462	0.0088	0.1435	0.0336	1.8108	7.7562	5.5517
0	-0.2230	0.8105	-0.0080	-0.0134	0.0133	0.0307	-2.8424	6.8659	-6.4557
1	0.7835	0.1841	-0.0482	-0.0480	0.0162	0.0127	-1.4212	9.4725	-2.1950
2	0.2008	-0.8992	-0.3484	-0.0129	0.0095	-0.0201	1.8577	7.4455	5.2993
0	-0.2227	0.8124	-0.0068	-0.0272	-0.0138	0.0100	-2.8294	6.7132	-6.7716
1	0.7841	0.1837	-0.0470	-0.0187	0.0140	-0.0632	-1.2937	9.5722	-2.1852
2	0.1997	-0.9012	-0.3491	-0.0245	-0.0145	0.0056	1.8490	7.2523	5.4107
0	-0.2225	0.8125	-0.0072	0.0135	-0.0046	-0.0085	-2.9305	7.0436	-6.5432
1	0.7851	0.1827	-0.0472	-0.0262	-0.0030	0.0346	-1.2850	9.5870	-2.1897
2	0.1993	-0.9018	-0.3508	0.0115	0.0502	0.0332	1.7674	7.2726	5.7560
0	-0.2220	0.8144	-0.0070	-0.0217	-0.0341	-0.0016	-2.8596	6.8999	-6.6223
1	0.7856	0.1820	-0.0465	-0.0210	0.0167	-0.1011	-1.5747	9.6283	-2.2188
2	0.1981	-0.9041	-0.3535	-0.0016	-0.0236	0.0021	1.8993	7.3834	5.4900
0	-0.2221	0.8126	-0.0069	0.0048	-0.0602	-0.0067	-2.9297	7.1483	-6.6331
1	0.7839	0.1814	-0.0471	-0.0210	-0.0014	-0.0139	-1.4027	9.6610	-2.1835
2	0.1980	-0.9033	-0.3555	-0.0018	0.0856	0.0351	1.8350	7.5202	5.5226
0	-0.2211	0.8137	-0.0069	-0.0090	-0.0069	0.0311	-2.9179	7.1139	-6.5117
1	0.7845	0.1798	-0.0459	-0.0598	0.0012	-0.0559	-1.5673	9.6695	-2.2315
2	0.1971	-0.9036	-0.3578	0.0056	-0.0043	-0.0035	1.9001	7.4557	5.5092
0	-0.2202	0.8120	-0.0053	0.0072	-0.1426	0.0138	-2.8526	6.9240	-6.9134
1	0.7805	0.1784	-0.0460	-0.0311	-0.0169	-0.1049	-1.5260	9.7251	-2.1205
2	0.1958	-0.9035	-0.3588	-0.0197	0.1123	0.0018	1.8500	7.6228	5.5133
0	-0.2184	0.8096	-0.0044	-0.0016	-0.0307	0.0492	-2.9349	7.0390	-6.3280
1	0.7792	0.1760	-0.0447	-0.0796	0.0086	-0.0789	-1.5821	9.5827	-2.2656
2	0.1944	-0.9005	-0.3607	0.0116	0.0502	-0.0323	1.8113	7.5588	5.5638
0	-0.2178	0.8067	-0.0014	-0.0321	-0.1117	0.0440	-2.7983	7.1061	-6.7691
1	0.7750	0.1749	-0.0430	-0.0582	-0.0190	-0.1274	-1.5847	9.6779	-2.0502
2	0.1929	-0.8996	-0.3609	-0.0585	0.0938	-0.0139	1.9544	7.5542	5.2993
0	-0.2162	0.8037	0.0008	-0.0368	-0.0389	0.0723	-2.9089	7.1365	-6.3367
1	0.7724	0.1725	-0.0406	-0.1020	-0.0089	-0.0560	-1.4971	9.5919	-2.1795
2	0.1916	-0.8960	-0.3611	-0.0130	0.0794	-0.0261	1.6990	7.5323	5.5535
0	-0.2151	0.8007	0.0038	0.0177	-0.2300	-0.0056	-2.6319	6.3581	-7.5102
1	0.7671	0.1711	-0.0409	0.0588	-0.0320	-0.2861	-1.3231	9.7100	-2.0168
2	0.1898	-0.8945	-0.3602	-0.0411	0.1135	-0.0190	1.8354	7.3919	5.4697
0	-0.2138	0.7887	0.0005	0.0505	-0.3666	-0.0101	-2.9501	7.4822	-6.4426
1	0.7543	0.1689	-0.0476	-0.0151	-0.0484	-0.3257	-1.5584	9.8329	-2.1151
2	0.1888	-0.8861	-0.3644	0.0905	0.3636	0.0811	1.5063	7.4845	6.0823
0	-0.2116	0.7766	0.0008	0.0338	-0.2574	0.0006	-2.7652	6.8579	-6.1100
1	0.7439	0.1662	-0.0507	-0.0030	-0.0100	-0.1864	-1.7306	9.3845	-2.1560
2	0.1872	-0.8734	-0.3689	0.0304	0.2875	-0.0098	1.8787	7.6723	5.2840
0	-0.2106	0.7717	0.0007	0.0029	-0.0384	0.0282	-2.8876	7.3458	-6.0863
1	0.7420	0.1650	-0.0506	-0.0398	-0.0021	-0.0385	-1.8054	9.4000	-2.1618
2	0.1860	-0.8658	-0.3720	0.0055	0.0970	0.0089	1.8395	7.3145	4.9500
0	-0.2103	0.7709	0.0019	-0.0492	-0.0823	0.0198	-2.8358	7.2619	-6.3318
1	0.7402	0.1645	-0.0496	-0.0770	0.0166	-0.1103	-1.8958	9.6020	-2.1878
2	0.1849	-0.8652	-0.3736	-0.0167	0.0534	0.0133	1.9057	7.5427	5.0987
0	-0.2098	0.7667	0.0042	-0.0155	-0.1540	0.0264	-2.6773	7.1987	-6.5575
1	0.7354	0.1633	-0.0490	-0.0293	-0.0066	-0.1716	-1.8417	9.7419	-1.9559
2	0.1847	-0.8624	-0.3739	-0.0294	0.1365	-0.0116	1.8031	7.7958	5.3123
0	-0.2092	0.7600	0.0047	-0.0113	-0.2094	-0.0037	-2.7818	7.2212	-6.2547
1	0.7285	0.1625	-0.0506	-0.0152	0.0064	-0.1977	-1.8934	9.5864	-2.0665
2	0.1838	-0.8570	-0.3754	0.0066	0.1979	0.0267	1.6523	7.7362	5.3859
0	-0.2088	0.7542	0.0050	-0.0083	-0.0906	0.0211	-2.7556	7.5724	-5.8391
1	0.7241	0.1614	-0.0512	-0.0627	0.0032	-0.0603	-2.0194	9.4773	-2.0247
2	0.1837	-0.8502	-0.3781	0.0134	0.1647	0.0297	1.7301	7.6402	5.1385
0	-0.2081	0.7526	0.0071	-0.0421	-0.0484	0.0352	-2.8784	7.3682	-6.1667
1	0.7224	0.1604	-0.0494	-0.0666	0.0097	-0.0701	-2.0321	9.5809	-2.1024
2	0.1827	-0.8476	-0.3794	-0.0291	0.0594	-0.0130	1.8091	7.7237	4.8776
0	-0.2071	0.7510	0.0086	0.0122	-0.0668	0.0143	-2.6892	7.3641	-6.2574
1	0.7209	0.1590	-0.0490	-0.0330	-0.0106	-0.0577	-2.0147	9.6321	-1.9584
2	0.1818	-0.8461	-0.3796	0.0001	0.0728	-0.0060	1.7107	7.7921	5.2492
0	-0.2059	0.7497	0.0093	-0.0239	-0.0666	0.0370	-2.7618	7.4970	-6.0471
1	0.7191	0.1573	-0.0480	-0.0606	-0.0202	-0.1215	-2.1460	9.5843	-1.9828
2	0.1803	-0.8452	-0.3815	-0.0061	0.0584	-0.0037	1.6795	7.8061	5.0433
0	-0.2041	0.7462	0.0094	0.0742	-0.1478	-0.0249	-2.6016	6.9525	-6.4197
1	0.7152	0.1552	-0.0507	0.0364	-0.0298	-0.1080	-1.8028	9.5074	-1.9173
2	0.1788	-0.8425	-0.3824	0.0424	0.1494	0.0086	1.6276	7.8258	5.1683
0	-0.2028	0.7441	0.0077	-0.0015	-0.0594	-0.0143	-2.6862	7.2244	-5.9751
1	0.7138	0.1542	-0.0519	-0.0186	0.0096	-0.0438	-2.1197	9.4277	-2.0594
2	0.1769	-0.8394	-0.3877	0.0223	0.0616	0.0177	1.7096	7.5558	4.9371
0	-0.2027	0.7435	0.0077	-0.0068	-0.0961	-0.0085	-2.7516	7.2351	-6.2681
1	0.7125	0.1536	-0.0522	0.0005	0.0069	-0.1508	-2.2363	9.5830	-2.0516
2	0.1765	-0.8390	-0.3902	0.0011	0.0382	0.0162	1.8153	7.8000	4.8446
0	-0.2026	0.7380	0.0076	-0.0143	-0.1988	0.0062	-2.8253	7.7791	-6.1028
1	0.7056	0.1532	-0.0538	-0.0531	0.0070	-0.1853	-2.3264	9.8155	-2.0672
2	0.1765	-0.8353	-0.3927	0.0060	0.1861	0.0408	1.7505	7.9971	5.0720
0	-0.2020	0.7309	0.0096	-0.0215	-0.2239	0.0309	-2.7508	7.4892	-6.3974
1	0.6967	0.1519	-0.0541	-0.0245	-0.0191	-0.2982	-2.3373	9.8376	-2.0188
2	0.1764	-0.8287	-0.3941	-0.0296	0.1809	-0.0070	1.8616	8.2072	5.0058
0	-0.2009	0.7192	0.0101	0.0129	-0.3536	0.0109	-2.7339	7.5274	-6.0635
1	0.6836	0.1503	-0.0571	-0.0448	-0.0138	-0.3509	-2.3332	9.6654	-1.9623
2	0.1757	-0.8191	-0.3956	0.0161	0.3248	0.0274	1.6701	8.1209	5.1403
0	-0.2000	0.7061	0.0115	-0.0160	-0.3149	0.0216	-2.7768	7.5194	-6.0852
1	0.6714	0.1493	-0.0588	-0.0253	-0.0101	-0.3174	-2.3631	9.5962	-1.9885
2	0.1752	-0.8062	-0.3977	-0.0219	0.3118	0.0075	1.7249	8.0127	4.8872
0	-0.1986	0.6935	0.0125	0.0046	-0.2981	0.0482	-2.6558	7.9239	-5.6762
1	0.6595	0.1469	-0.0609	-0.0347	-0.0442	-0.2823	-2.6207	9.5691	-1.8593
2	0.1747	-0.7939	-0.3994	0.0154	0.3320	0.0150	1.6959	8.0689	4.8205
0	-0.1962	0.6814	0.0137	-0.0026	-0.2548	0.0432	-2.6917	7.8586	-5.5105
1	0.6493	0.1445	-0.0622	-0.0485	-0.0356	-0.2184	-2.7223	9.4453	-1.9180
2	0.1727	-0.7814	-0.4017	0.0183	0.2781	0.0009	1.6519	8.1391	4.5245
0	-0.1934	0.6751	0.0153	0.0071	-0.1025	0.0876	-2.6954	8.1455	-5.4341
1	0.6448	0.1409	-0.0611	-0.0784	-0.0681	-0.1126	-2.8840	9.5523	-1.8838
2	0.1708	-0.7729	-0.4032	0.0117	0.1524	-0.0357	1.7317	8.1296	4.4150
0	-0.1899	0.6705	0.0176	-0.0080	-0.1615	0.0917	-2.6463	7.9775	-5.4406
1	0.6388	0.1364	-0.0590	-0.1055	-0.0554	-0.1355	-3.0290	9.4893	-1.8519
2	0.1674	-0.7689	-0.4036	0.0037	0.1454	-0.0584	1.6875	8.3905	4.3627
0	-0.1858	0.6650	0.0214	-0.0199	-0.1174	0.1087	-2.6215	8.0337	-5.4343
1	0.6335	0.1321	-0.0560	-0.1151	-0.0500	-0.1786	-3.0499	9.5022	-1.8186
2	0.1636	-0.7632	-0.4031	-0.0166	0.1188	-0.0764	1.6985	8.3482	4.2841
0	-0.1818	0.6582	0.0252	-0.0030	-0.1945	0.0929	-2.5034	7.8640	-5.4599
1	0.6248	0.1278	-0.0538	-0.1008	-0.0319	-0.2238	-3.0249	9.4288	-1.7230
2	0.1600	-0.7580	-0.4019	-0.0150	0.1865	-0.0641	1.5766	8.3849	4.3445
0	-0.1789	0.6490	0.0291	-0.0723	-0.3343	0.0650	-2.3671	7.3469	-5.6179
1	0.6137	0.1269	-0.0522	-0.0896	0.0521	-0.3697	-3.0464	9.3603	-1.7455
2	0.1572	-0.7507	-0.4012	-0.0646	0.2162	-0.0415	1.5274	8.2739	4.2291
0	-0.1780	0.6374	0.0318	-0.0149	-0.2130	0.0687	-2.5423	8.1995	-5.1557
1	0.6018	0.1265	-0.0517	-0.1019	0.0106	-0.1972	-2.8857	9.3223	-1.7367
2	0.1576	-0.7382	-0.4001	-0.0333	0.3103	0.0241	1.5248	8.1617	4.3177
0	-0.1757	0.6306	0.0358	-0.0817	-0.2112	0.0641	-2.4731	7.9783	-5.3309
1	0.5920	0.1258	-0.0488	-0.1086	0.0381	-0.2363	-3.3058	9.4002	-1.7660
2	0.1568	-0.7320	-0.3997	-0.0693	0.1546	-0.0190	1.5892	8.2389	4.0183
0	-0.1753	0.6209	0.0402	-0.0630	-0.2231	0.0593	-2.6004	8.2564	-5.3304
1	0.5837	0.1252	-0.0471	-0.1024	0.0043	-0.2010	-3.2599	9.4754	-1.7528
2	0.1570	-0.7239	-0.3978	-0.0665	0.2455	0.0071	1.5707	8.4628	4.1704
0	-0.1737	0.6132	0.0438	-0.0313	-0.2017	0.0573	-2.5241	8.0328	-5.2968
1	0.5757	0.1232	-0.0455	-0.0759	-0.0156	-0.2364	-3.3777	9.3649	-1.7478
2	0.1564	-0.7158	-0.3968	-0.0329	0.1864	-0.0274	1.5799	8.4377	4.1616
0	-0.1717	0.6041	0.0464	-0.0315	-0.2421	0.0648	-2.4512	8.1226	-5.1327
1	0.5661	0.1211	-0.0448	-0.0619	-0.0135	-0.2396	-3.3631	9.3315	-1.7279
2	0.1547	-0.7070	-0.3969	-0.0179	0.2450	-0.0183	1.5806	8.4921	4.0814
0	-0.1701	0.5935	0.0483	-0.0050	-0.2793	0.0295	-2.5290	8.3020	-5.1739
1	0.5559	0.1197	-0.0458	-0.0412	-0.0255	-0.3143	-3.4766	9.3972	-1.7083
2	0.1535	-0.6978	-0.3974	-0.0025	0.2610	0.0084	1.5176	8.3867	4.0181
0	-0.1688	0.5814	0.0493	-0.0003	-0.4073	0.0293	-2.4253	8.3063	-5.1039
1	0.5388	0.1179	-0.0488	-0.0125	-0.0266	-0.4750	-3.7394	9.3764	-1.6598
2	0.1527	-0.6861	-0.3993	0.0130	0.3642	0.0185	1.5452	8.6575	3.9950
0	-0.1686	0.5601	0.0495	-0.0078	-0.5613	-0.0478	-2.2854	7.9919	-4.9337
1	0.5170	0.1194	-0.0550	0.0380	-0.0160	-0.6107	-3.7624	9.2836	-1.5706
2	0.1525	-0.6689	-0.4018	0.0179	0.5105	0.0734	1.4808	8.6467	3.8299
0	-0.1659	0.5347	0.0479	0.1119	-0.5543	0.0989	-2.5507	8.8091	-4.7091
1	0.4930	0.1166	-0.0619	0.0392	-0.1210	-0.4912	-3.9673	9.3024	-1.5548
2	0.1544	-0.6431	-0.4069	0.0993	0.5896	0.0145	1.3185	8.9438	3.8427
0	-0.1619	0.5144	0.0440	0.0909	-0.4670	-0.0385	-2.4094	8.5255	-3.9533
1	0.4759	0.1159	-0.0697	0.0455	-0.0355	-0.4046	-4.2797	8.8809	-1.7811
2	0.1514	-0.6225	-0.4131	0.1363	0.5079	0.0486	1.5141	8.6653	3.3883
0	-0.1603	0.5017	0.0430	0.0192	-0.1547	0.0666	-2.4296	9.0820	-3.9236
1	0.4676	0.1140	-0.0715	-0.0392	-0.0691	-0.0440	-4.3779	8.9263	-1.5719
2	0.1518	-0.6060	-0.4189	0.0297	0.2732	0.0099	1.7344	8.7412	2.6760
0	-0.1567	0.5014	0.0431	0.0296	-0.0161	0.0532	-2.3215	8.5601	-3.9788
1	0.4695	0.1096	-0.0705	-0.0365	-0.0343	0.0000	-4.5681	8.8635	-1.6186
2	0.1489	-0.6019	-0.4210	0.0462	0.0152	-0.0504	1.5663	8.8230	2.7438
0	-0.1544	0.5013	0.0440	-0.0209	-0.0598	0.0504	-2.3246	8.5769	-4.0674
1	0.4688	0.1073	-0.0687	-0.0467	0.0080	-0.1078	-4.5561	8.9001	-1.5984
2	0.1461	-0.6023	-0.4227	0.0005	0.0418	-0.0291	1.5881	8.8675	2.7791
0	-0.1540	0.4982	0.0456	-0.0374	-0.1120	-0.0011	-2.3186	8.7227	-4.0304
1	0.4647	0.1073	-0.0684	-0.0360	0.0229	-0.1073	-4.4836	8.9452	-1.5517
2	0.1451	-0.5997	-0.4231	-0.0244	0.1146	0.0290	1.5220	8.8246	2.8858
0	-0.1533	0.4951	0.0463	0.0164	-0.1027	0.0272	-2.3802	8.8435	-4.2913
1	0.4619	0.1059	-0.0686	-0.0355	-0.0249	-0.0936	-4.4265	9.1284	-1.4964
2	0.1453	-0.5966	-0.4239	0.0154	0.1031	0.0125	1.4347	8.9388	3.0152
0	-0.1514	0.4924	0.0461	0.0387	-0.1022	0.0261	-2.2741	8.8626	-4.3252
1	0.4592	0.1034	-0.0694	-0.0094	-0.0526	-0.1063	-4.4352	9.1611	-1.4627
2	0.1438	-0.5936	-0.4259	0.0291	0.1115	-0.0038	1.4624	9.0098	3.0984
0	-0.1489	0.4894	0.0453	0.0203	-0.1238	0.0482	-2.2357	8.8565	-4.1378
1	0.4555	0.1006	-0.0697	-0.0398	-0.0292	-0.1169	-4.5238	9.1322	-1.4710
2	0.1418	-0.5909	-0.4287	0.0453	0.1153	-0.0119	1.3846	9.0575	3.0844
0	-0.1469	0.4852	0.0457	0.0147	-0.1513	0.0301	-2.3227	9.0622	-4.1806
1	0.4509	0.0980	-0.0700	-0.0547	-0.0691	-0.1212	-4.6445	9.1845	-1.4411
2	0.1398	-0.5873	-0.4305	0.0205	0.1487	0.0011	1.4389	9.0779	2.9820
0	-0.1426	0.4811	0.0457	0.0536	-0.1025	0.0579	-2.1769	8.6958	-4.0841
1	0.4479	0.0929	-0.0697	-0.0201	-0.0691	-0.0695	-4.5665	9.0012	-1.3826
2	0.1366	-0.5820	-0.4326	0.0523	0.1201	-0.0528	1.3741	9.1945	2.9738
0	-0.1392	0.4795	0.0450	0.0257	-0.0566	0.0529	-2.2073	8.8827	-3.8334
1	0.4471	0.0894	-0.0694	-0.0425	-0.0451	-0.0584	-4.7100	8.9224	-1.4224
2	0.1333	-0.5798	-0.4354	0.0496	0.0706	-0.0283	1.3674	8.9402	2.7734
0	-0.1367	0.4776	0.0451	0.0352	-0.1112	0.0317	-2.1344	8.7040	-4.1302
1	0.4446	0.0866	-0.0695	-0.0100	-0.0558	-0.0972	-4.6327	8.9342	-1.3310
2	0.1307	-0.5783	-0.4373	0.0246	0.0888	-0.0235	1.3932	9.0233	2.6994
0	-0.1340	0.4747	0.0445	0.0084	-0.0994	0.0276	-2.0688	8.5671	-3.7040
1	0.4411	0.0838	-0.0699	-0.0200	-0.0005	-0.1059	-4.6635	8.7622	-1.3556
2	0.1283	-0.5753	-0.4400	0.0342	0.0962	-0.0181	1.2798	8.9596	2.7548
0	-0.1335	0.4719	0.0442	0.0214	-0.1157	-0.0181	-2.1246	8.7262	-3.8924
1	0.4376	0.0839	-0.0716	0.0056	0.0166	-0.1353	-4.7436	8.8274	-1.3626
2	0.1274	-0.5722	-0.4420	0.0224	0.1062	0.0359	1.2737	8.7909	2.6790
0	-0.1338	0.4670	0.0437	-0.0072	-0.1514	0.0048	-2.1930	9.0021	-3.8739
1	0.4323	0.0839	-0.0729	-0.0106	-0.0027	-0.1816	-4.8215	8.9460	-1.3250
2	0.1282	-0.5683	-0.4446	0.0071	0.1495	0.0458	1.3630	9.0598	2.6166
0	-0.1340	0.4618	0.0430	0.0049	-0.1473	-0.0249	-2.1807	8.9820	-3.6153
1	0.4264	0.0842	-0.0753	-0.0191	0.0188	-0.1505	-4.8183	8.8820	-1.3343
2	0.1285	-0.5630	-0.4465	0.0374	0.1633	0.0581	1.2874	9.0677	2.7242
0	-0.1340	0.4574	0.0442	-0.0389	-0.1001	0.0279	-2.1346	9.1597	-3.6911
1	0.4221	0.0836	-0.0746	-0.0819	0.0081	-0.0665	-4.9053	8.9303	-1.2734
2	0.1293	-0.5584	-0.4484	-0.0147	0.1240	0.0320	1.3688	9.1143	2.5133
0	-0.1325	0.4559	0.0471	-0.0538	-0.0561	0.0501	-2.0876	8.9072	-3.7489
1	0.4205	0.0816	-0.0712	-0.1011	0.0188	-0.0765	-4.9042	8.8735	-1.2576
2	0.1286	-0.5558	-0.4478	-0.0371	0.0490	-0.0195	1.2915	9.1393	2.5425
0	-0.1312	0.4537	0.0509	-0.0579	-0.0953	0.0416	-2.0341	8.8008	-4.1107
1	0.4175	0.0799	-0.0682	-0.0383	-0.0169	-0.1415	-4.7775	9.0025	-1.1887
2	0.1273	-0.5541	-0.4460	-0.0663	0.0761	-0.0168	1.2854	9.1020	2.5498
0	-0.1293	0.4484	0.0512	0.0146	-0.1722	0.0372	-2.1136	9.1364	-3.7498
1	0.4121	0.0776	-0.0687	-0.0551	-0.0323	-0.1563	-4.8927	9.0304	-1.2498
2	0.1262	-0.5503	-0.4461	0.0396	0.1746	0.0045	1.1176	9.1690	2.9357
0	-0.1272	0.4431	0.0524	0.0052	-0.1440	0.0322	-2.0229	8.8543	-3.8178
1	0.4068	0.0751	-0.0682	-0.0187	-0.0344	-0.1122	-4.8436	8.8585	-1.2104
2	0.1245	-0.5447	-0.4476	-0.0010	0.1606	-0.0162	1.2965	9.1766	2.5408
0	-0.1253	0.4406	0.0517	0.0606	-0.0627	0.0120	-2.0363	8.9540	-3.7899
1	0.4053	0.0730	-0.0696	0.0164	-0.0472	-0.0744	-4.8541	8.8490	-1.1617
2	0.1228	-0.5406	-0.4496	0.0497	0.0793	-0.0003	1.1659	9.0044	2.5916
0	-0.1234	0.4391	0.0495	0.0444	-0.1073	0.0009	-1.9311	8.9576	-3.7042
1	0.4030	0.0715	-0.0718	0.0329	-0.0291	-0.1457	-5.0856	8.8662	-1.1405
2	0.1213	-0.5396	-0.4534	0.0566	0.0777	0.0152	1.1876	9.1337	2.4690
0	-0.1229	0.4342	0.0465	0.0902	-0.2457	-0.0423	-2.0039	9.1141	-3.7826
1	0.3956	0.0716	-0.0772	0.0531	-0.0498	-0.2569	-5.2199	8.9769	-1.1191
2	0.1209	-0.5358	-0.4575	0.0938	0.2009	0.0661	1.1020	9.2694	2.5447
0	-0.1215	0.4259	0.0433	0.0567	-0.2072	0.0378	-2.0711	9.3771	-3.4064
1	0.3876	0.0694	-0.0799	-0.0421	-0.0621	-0.1569	-5.2563	8.9032	-1.1621
2	0.1210	-0.5273	-0.4630	0.0806	0.2310	0.0205	1.1971	9.4667	2.4176
0	-0.1181	0.4207	0.0431	0.0325	-0.1380	0.0556	-1.9880	9.0466	-3.6586
1	0.3835	0.0656	-0.0798	-0.0102	-0.0753	-0.1276	-5.1840	8.8213	-1.1109
2	0.1187	-0.5213	-0.4656	0.0288	0.1364	-0.0392	1.2713	9.3463	2.1837
0	-0.1146	0.4152	0.0419	0.0432	-0.1550	0.0494	-1.9710	8.9136	-3.2890
1	0.3792	0.0619	-0.0809	-0.0156	-0.0398	-0.1236	-5.1338	8.6401	-1.1556
2	0.1159	-0.5161	-0.4683	0.0657	0.1725	-0.0220	1.1383	9.2322	2.3509
0	-0.1130	0.4103	0.0412	0.0315	-0.1636	0.0029	-1.9766	9.0407	-3.4865
1	0.3752	0.0604	-0.0826	0.0046	-0.0407	-0.1558	-5.2693	8.6792	-1.1256
2	0.1140	-0.5107	-0.4712	0.0410	0.1533	0.0198	1.1905	8.9756	2.1492
0	-0.1119	0.4031	0.0405	0.0070	-0.2297	0.0219	-1.9951	9.1169	-3.3473
1	0.3676	0.0586	-0.0840	-0.0294	-0.0210	-0.1994	-5.3022	8.7071	-1.1460
2	0.1135	-0.5041	-0.4742	0.0385	0.2209	0.0185	1.1818	9.2855	2.1907
0	-0.1106	0.3951	0.0408	0.0081	-0.1934	0.0263	-1.9866	9.2907	-3.2902
1	0.3620	0.0571	-0.0846	-0.0278	-0.0375	-0.1813	-5.3757	8.7012	-1.0848
2	0.1130	-0.4959	-0.4759	0.0167	0.1997	0.0191	1.2186	9.2499	2.0858
0	-0.1088	0.3871	0.0419	-0.0349	-0.2495	0.0379	-1.8938	8.9848	-3.2186
1	0.3532	0.0549	-0.0844	-0.0387	-0.0063	-0.2619	-5.4102	8.5968	-1.0984
2	0.1120	-0.4886	-0.4774	0.0013	0.2361	-0.0098	1.1901	9.4223	1.9621
0	-0.1081	0.3773	0.0435	-0.0139	-0.2468	0.0183	-1.8937	9.2923	-3.1909
1	0.3437	0.0537	-0.0848	-0.0289	-0.0242	-0.2457	-5.4427	8.6368	-1.0156
2	0.1116	-0.4781	-0.4777	-0.0105	0.2513	0.0207	1.1468	9.1949	1.9821
0	-0.1070	0.3677	0.0436	0.0049	-0.2465	0.0118	-1.8669	9.3343	-2.9729
1	0.3345	0.0523	-0.0862	-0.0295	-0.0178	-0.2244	-5.5548	8.6216	-0.9758
2	0.1113	-0.4694	-0.4788	0.0294	0.2614	0.0266	1.0487	9.3547	1.9621
0	-0.1061	0.3594	0.0439	0.0145	-0.2200	0.0039	-1.8025	9.1526	-3.0857
1	0.3269	0.0513	-0.0875	-0.0087	-0.0200	-0.2005	-5.5474	8.5203	-0.9197
2	0.1111	-0.4604	-0.4803	0.0160	0.2247	0.0229	1.0879	9.3387	1.8093
0	-0.1053	0.3528	0.0438	0.0106	-0.1287	0.0133	-1.8070	9.2864	-2.8563
1	0.3224	0.0501	-0.0884	0.0019	-0.0252	-0.0637	-5.5245	8.4614	-0.9141
2	0.1111	-0.4528	-0.4821	0.0215	0.1917	0.0235	1.0323	9.2785	1.7152
0	-0.1042	0.3508	0.0423	0.0550	-0.1376	-0.0015	-1.8452	9.4337	-2.9189
1	0.3196	0.0487	-0.0906	-0.0066	-0.0367	-0.1908	-5.9340	8.5813	-0.9178
2	0.1105	-0.4498	-0.4843	0.0580	0.0784	0.0197	1.0128	9.2522	1.6741
0	-0.1029	0.3431	0.0419	-0.0008	-0.2550	0.0180	-1.8354	9.4934	-2.7672
1	0.3107	0.0472	-0.0916	-0.0256	-0.0338	-0.2604	-6.0566	8.5649	-0.9168
2	0.1099	-0.4446	-0.4873	0.0245	0.2284	0.0179	1.1095	9.6910	1.5366
0	-0.1009	0.3344	0.0418	0.0315	-0.2379	0.0407	-1.8186	9.4174	-2.8498
1	0.3011	0.0445	-0.0927	-0.0120	-0.0635	-0.2606	-5.9574	8.5495	-0.8561
2	0.1092	-0.4349	-0.4888	0.0329	0.2269	-0.0076	1.0641	9.6603	1.5058
0	-0.0984	0.3233	0.0409	0.0131	-0.3330	0.0427	-1.8078	9.6079	-2.5273
1	0.2879	0.0413	-0.0940	-0.0392	-0.0688	-0.3766	-6.2270	8.4936	-0.8694
2	0.1077	-0.4252	-0.4913	0.0435	0.2827	0.0027	1.0288	9.5819	1.5020
0	-0.0953	0.3091	0.0410	0.0335	-0.3107	0.0715	-1.7949	9.5900	-2.5231
1	0.2760	0.0375	-0.0945	-0.0291	-0.0916	-0.2095	-6.0062	8.4104	-0.7974
2	0.1063	-0.4118	-0.4929	0.0307	0.3925	-0.0155	1.0553	9.7741	1.3392
0	-0.0914	0.3014	0.0397	0.0285	-0.2333	0.0714	-1.7005	9.4738	-2.2427
1	0.2699	0.0327	-0.0945	-0.0524	-0.0740	-0.2093	-6.2897	8.2307	-0.8189
2	0.1035	-0.4010	-0.4955	0.0679	0.1885	-0.0404	0.9750	9.4100	1.2236
0	-0.0879	0.2892	0.0406	0.0005	-0.3595	0.0579	-1.7263	9.3444	-2.3458
1	0.2582	0.0287	-0.0941	-0.0441	-0.0543	-0.3468	-6.3081	8.1565	-0.8015
2	0.1008	-0.3915	-0.4973	0.0136	0.3328	-0.0318	1.0478	9.6457	0.9927
0	-0.0853	0.2761	0.0413	0.0038	-0.2625	0.0483	-1.6605	9.3789	-2.1506
1	0.2470	0.0256	-0.0938	-0.0315	-0.0432	-0.1724	-6.0654	8.0394	-0.7392
2	0.0993	-0.3771	-0.4982	0.0125	0.3253	-0.0036	0.9860	9.4573	1.0383
0	-0.0829	0.2699	0.0408	0.0252	-0.1193	0.0224	-1.6802	9.2738	-1.9688
1	0.2432	0.0237	-0.0943	-0.0126	-0.0260	-0.1053	-6.2600	7.9116	-0.7555
2	0.0979	-0.3678	-0.4998	0.0342	0.1423	-0.0009	0.9263	9.1695	0.8895
0	-0.0811	0.2655	0.0402	0.0340	-0.1513	0.0267	-1.7138	9.3736	-2.0464
1	0.2397	0.0222	-0.0950	-0.0053	-0.0314	-0.1494	-6.4392	7.9653	-0.7443
2	0.0970	-0.3633	-0.5017	0.0297	0.1414	0.0062	0.9789	9.3740	0.7633
0	-0.0798	0.2594	0.0392	0.0271	-0.2423	0.0081	-1.6316	9.4046	-1.9571
1	0.2308	0.0213	-0.0970	0.0048	-0.0250	-0.2920	-6.6103	7.9471	-0.6994
2	0.0964	-0.3582	-0.5037	0.0389	0.1843	0.0177	0.9672	9.4891	0.7173
0	-0.0799	0.2475	0.0390	-0.0264	-0.3142	-0.0168	-1.6442	9.7094	-1.5715
1	0.2179	0.0221	-0.0991	-0.0389	0.0240	-0.3090	-6.7666	7.9367	-0.7331
2	0.0970	-0.3482	-0.5058	0.0175	0.3200	0.0640	0.9551	9.5913	0.5736
0	-0.0796	0.2354	0.0411	-0.0197	-0.2605	0.0400	-1.7004	9.9327	-1.9785
1	0.2072	0.0207	-0.0985	-0.0538	-0.0393	-0.2614	-6.7096	8.1504	-0.6201
2	0.0986	-0.3351	-0.5057	-0.0249	0.2785	0.0224	1.0344	9.7424	0.4660
0	-0.0773	0.2249	0.0407	0.0402	-0.3326	0.0339	-1.5872	9.5810	-1.7783
1	0.1960	0.0177	-0.0996	-0.0240	-0.0590	-0.3505	-6.8082	8.0142	-0.5931
2	0.0976	-0.3249	-0.5062	0.0493	0.2935	-0.0062	0.8352	9.8487	0.6935
0	-0.0751	0.2107	0.0413	-0.0299	-0.3534	0.0597	-1.5814	9.7123	-1.6098
1	0.1811	0.0141	-0.0987	-0.0720	-0.0501	-0.3321	-6.8140	7.8573	-0.6327
2	0.0966	-0.3115	-0.5080	-0.0040	0.3717	-0.0040	0.9343	9.7408	0.4347
0	-0.0723	0.1970	0.0421	0.0175	-0.3995	0.0580	-1.5434	9.7102	-1.6838
1	0.1671	0.0101	-0.0985	-0.0384	-0.0870	-0.4096	-6.9500	7.9003	-0.5080
2	0.0951	-0.2975	-0.5079	0.0185	0.3514	-0.0117	0.8821	9.6655	0.3615
0	-0.0690	0.1784	0.0420	-0.0053	-0.3650	0.0592	-1.5351	9.6967	-1.0728
1	0.1511	0.0058	-0.0982	-0.0720	-0.0567	-0.3254	-6.8723	7.6117	-0.5897
2	0.0935	-0.2811	-0.5094	0.0331	0.4510	-0.0105	0.8248	9.7630	0.3053
0	-0.0658	0.1664	0.0425	0.0330	-0.2832	0.0606	-1.4488	9.5774	-1.3320
1	0.1398	0.0009	-0.0975	-0.0301	-0.0810	-0.2331	-6.9372	7.5190	-0.4571
2	0.0916	-0.2654	-0.5103	0.0234	0.3009	-0.0279	0.8814	9.4558	-0.0319
0	-0.0625	0.1603	0.0414	0.0377	-0.0093	0.0612	-1.4888	9.7432	-0.8624
1	0.1377	-0.0032	-0.0968	-0.0241	-0.0545	0.0710	-6.8535	7.3603	-0.4896
2	0.0895	-0.2549	-0.5125	0.0462	0.1375	-0.0295	0.7961	9.3239	-0.0919
0	-0.0601	0.1650	0.0405	-0.0010	0.1067	0.0534	-1.3558	9.5861	-0.7592
1	0.1442	-0.0067	-0.0948	-0.0768	-0.0043	0.0536	-7.1730	7.3196	-0.4259
2	0.0870	-0.2569	-0.5148	0.0344	-0.1046	-0.0380	0.8248	9.2599	-0.3457
0	-0.0579	0.1670	0.0424	-0.0322	-0.1123	-0.0079	-1.3397	9.1408	-1.5143
1	0.1429	-0.0077	-0.0929	0.0056	0.0376	-0.1386	-7.0406	7.4704	-0.3994
2	0.0846	-0.2608	-0.5144	-0.0359	0.0465	-0.0140	0.7450	9.5390	-0.1869
0	-0.0593	0.1630	0.0420	0.0198	-0.1325	-0.0288	-1.4207	10.0736	-0.8796
1	0.1384	-0.0057	-0.0956	-0.0099	-0.0087	-0.1173	-7.3131	7.5681	-0.3244
2	0.0858	-0.2577	-0.5142	0.0370	0.1385	0.0875	0.6352	9.5208	0.0795
0	-0.0588	0.1582	0.0409	0.0574	-0.2205	-0.0102	-1.3504	9.5946	-1.3207
1	0.1315	-0.0062	-0.0985	0.0653	-0.0441	-0.3444	-7.5438	7.5880	-0.2913
2	0.0869	-0.2535	-0.5158	0.0490	0.1519	0.0200	0.7070	9.8846	-0.2548
0	-0.0600	0.1411	0.0378	0.0459	-0.5273	-0.0444	-1.3961	9.7860	-0.6112
1	0.1128	-0.0042	-0.1047	0.0438	-0.0331	-0.5276	-7.7397	7.3372	-0.3740
2	0.0886	-0.2422	-0.5193	0.0852	0.4281	0.0920	0.6616	10.0024	-0.2013
0	-0.0605	0.1224	0.0376	-0.0361	-0.4428	0.0336	-1.5667	10.1901	-0.1208
1	0.0929	-0.0059	-0.1049	-0.1004	-0.0341	-0.4467	-7.8196	7.1197	-0.4319
2	0.0917	-0.2214	-0.5217	0.0035	0.4701	0.0520	0.8919	9.8061	-0.8284
0	-0.0577	0.0998	0.0407	-0.0482	-0.5794	0.0406	-1.4217	9.6574	-0.6744
1	0.0711	-0.0098	-0.1026	-0.0510	-0.0378	-0.6399	-7.8647	7.1891	-0.3728
2	0.0911	-0.2019	-0.5203	-0.0386	0.5138	-0.0002	0.9348	9.8418	-0.9599
0	-0.0562	0.0741	0.0432	-0.0787	-0.5697	0.0379	-1.4088	9.9321	0.0457
1	0.0457	-0.0127	-0.1010	-0.0779	-0.0109	-0.4845	-7.7129	6.9453	-0.3915
2	0.0913	-0.1771	-0.5191	-0.0351	0.6562	0.0385	0.8179	9.8073	-0.8447
0	-0.0539	0.0579	0.0456	0.0013	-0.2058	0.0751	-1.4236	10.0947	-0.1664
1	0.0355	-0.0171	-0.0985	-0.0479	-0.0856	-0.1215	-7.5612	6.8626	-0.2571
2	0.0913	-0.1552	-0.5169	-0.0197	0.3414	-0.0028	0.7947	9.3550	-1.1048
0	-0.0507	0.0547	0.0440	0.0548	-0.1141	0.0589	-1.2752	9.5821	-0.1526
1	0.0332	-0.0216	-0.0985	0.0024	-0.0812	-0.1557	-7.8580	6.8205	-0.2407
2	0.0889	-0.1485	-0.5182	0.0664	0.0929	-0.0496	0.6779	9.4292	-1.0706
0	-0.0492	0.0479	0.0415	0.0512	-0.2209	0.0117	-1.2931	9.6602	0.0373
1	0.0258	-0.0231	-0.1012	0.0120	-0.0515	-0.1743	-7.8850	6.6730	-0.2609
2	0.0875	-0.1434	-0.5211	0.0657	0.2336	0.0130	0.6802	9.5748	-1.1103
0	-0.0484	0.0423	0.0390	0.0845	-0.1815	0.0086	-1.2973	9.6393	-0.2239
1	0.0202	-0.0236	-0.1050	0.0563	-0.0791	-0.1858	-7.8759	6.7619	-0.2038
2	0.0877	-0.1364	-0.5238	0.0794	0.1626	0.0106	0.7171	9.4622	-1.2438
0	-0.0482	0.0361	0.0342	0.1242	-0.1922	0.0013	-1.3226	9.7952	0.1770
1	0.0141	-0.0232	-0.1117	0.0827	-0.0852	-0.1748	-8.0788	6.6757	-0.2215
2	0.0884	-0.1302	-0.5282	0.1336	0.1977	0.0261	0.6425	9.5639	-1.1303
0	-0.0491	0.0285	0.0289	0.1159	-0.3009	-0.0384	-1.4019	9.9153	0.3942
1	0.0043	-0.0207	-0.1199	0.0749	-0.0732	-0.3816	-8.6425	6.5763	-0.2998
2	0.0896	-0.1246	-0.5333	0.1389	0.2189	0.0526	0.7505	9.6253	-1.5111
0	-0.0500	0.0100	0.0261	0.0285	-0.4746	-0.0129	-1.3710	9.9688	0.7383
1	-0.0153	-0.0194	-0.1257	0.0095	-0.0405	-0.4271	-8.5988	6.4769	-0.2882
2	0.0926	-0.1099	-0.5381	0.0737	0.4765	0.0644	0.8896	10.0203	-1.8477
0	-0.0497	-0.0067	0.0251	0.0559	-0.3643	0.0199	-1.3606	9.9566	0.3783
1	-0.0294	-0.0202	-0.1294	0.0487	-0.1013	-0.3337	-8.3336	6.4874	-0.1779
2	0.0947	-0.0914	-0.5397	0.0454	0.3930	0.0331	0.8451	9.7217	-1.8928
0	-0.0493	-0.0193	0.0202	0.1449	-0.2976	0.0049	-1.3838	9.7438	0.6167
1	-0.0400	-0.0192	-0.1374	0.1099	-0.1102	-0.2220	-8.2741	6.3163	-0.2479
2	0.0957	-0.0764	-0.5436	0.1506	0.3206	0.0294	0.6813	9.5583	-1.6480
0	-0.0506	-0.0295	0.0149	0.0935	-0.3372	-0.0338	-1.2901	9.5844	0.9780
1	-0.0504	-0.0153	-0.1469	0.0803	-0.0589	-0.3775	-8.5672	6.0737	-0.2899
2	0.0979	-0.0659	-0.5498	0.1414	0.2924	0.0603	0.8075	9.3613	-1.9001
0	-0.0526	-0.0464	0.0115	0.0960	-0.4195	-0.0554	-1.2502	9.4252	0.6487
1	-0.0656	-0.0101	-0.1568	0.1252	-0.0647	-0.3712	-8.2394	6.0140	-0.1179
2	0.1011	-0.0520	-0.5536	0.1005	0.4263	0.0870	0.7934	9.4276	-2.1149
0	-0.0555	-0.0594	0.0067	0.1368	-0.3046	-0.0608	-1.3622	9.5941	1.0766
1	-0.0777	-0.0026	-0.1701	0.1165	-0.0620	-0.2721	-8.3838	5.8609	-0.2333
2	0.1055	-0.0367	-0.5578	0.1570	0.3307	0.0949	0.6392	9.1078	-1.9662
0	-0.0578	-0.0696	0.0024	0.0521	-0.2362	-0.0180	-1.4173	9.7080	1.4605
1	-0.0859	0.0014	-0.1772	0.0144	-0.0233	-0.1958	-8.6953	5.7545	-0.3555
2	0.1099	-0.0260	-0.5626	0.1074	0.2546	0.0721	0.9088	9.2481	-2.4438
0	-0.0578	-0.0748	0.0008	0.0744	-0.1109	0.0017	-1.4311	9.5103	0.9261
1	-0.0896	0.0026	-0.1814	0.0661	-0.0627	-0.0776	-8.4995	5.8512	-0.2696
2	0.1118	-0.0183	-0.5643	0.0497	0.1434	0.0189	0.9871	9.2906	-2.5450
0	-0.0585	-0.0769	-0.0034	0.0632	-0.1007	-0.0071	-1.4139	9.4928	1.3462
1	-0.0910	0.0045	-0.1866	0.0154	-0.0258	-0.0968	-8.6798	5.7488	-0.3797
2	0.1132	-0.0155	-0.5676	0.1065	0.0896	0.0269	0.8656	9.2564	-2.3243
0	-0.0584	-0.0791	-0.0049	0.0429	-0.0848	0.0141	-1.4503	9.6804	1.2299
1	-0.0928	0.0045	-0.1884	0.0153	-0.0504	-0.0884	-8.7708	5.7675	-0.3159
2	0.1143	-0.0131	-0.5696	0.0430	0.0880	0.0153	0.9965	9.3086	-2.5400
0	-0.0585	-0.0828	-0.0077	0.0657	-0.1838	-0.0194	-1.3738	9.4635	1.3245
1	-0.0972	0.0065	-0.1936	0.0464	-0.0261	-0.1610	-8.8121	5.7039	-0.3279
2	0.1148	-0.0104	-0.5717	0.0875	0.1407	0.0263	0.8706	9.4259	-2.4642
0	-0.0597	-0.0875	-0.0103	0.0704	-0.0834	-0.0059	-1.5440	9.8838	1.5549
1	-0.1001	0.0093	-0.1990	0.0471	-0.0388	-0.0691	-8.9479	5.6771	-0.3433
2	0.1170	-0.0051	-0.5739	0.0729	0.1284	0.0468	0.9471	9.2769	-2.6182
0	-0.0607	-0.0896	-0.0132	0.0386	-0.0919	-0.0162	-1.4048	9.9220	1.6673
1	-0.1018	0.0117	-0.2034	0.0088	-0.0190	-0.0696	-9.1715	5.7315	-0.3032
2	0.1189	-0.0030	-0.5765	0.0743	0.0890	0.0463	0.9941	9.4716	-2.8150
0	-0.0601	-0.0922	-0.0146	0.0430	-0.1453	0.0316	-1.4507	9.7787	1.2712
1	-0.1050	0.0105	-0.2047	0.0018	-0.0594	-0.1670	-9.1355	5.8114	-0.2440
2	0.1201	-0.0006	-0.5779	0.0395	0.0960	0.0011	0.9692	9.6418	-2.8285
0	-0.0587	-0.0988	-0.0167	0.0393	-0.1986	0.0406	-1.3319	9.7021	1.5875
1	-0.1115	0.0086	-0.2057	-0.0132	-0.0492	-0.1611	-8.9779	5.6319	-0.2434
2	0.1198	0.0047	-0.5795	0.0537	0.2152	0.0017	0.8846	9.6334	-2.6801
0	-0.0571	-0.1040	-0.0184	0.0248	-0.0674	0.0292	-1.4164	9.5351	1.6642
1	-0.1141	0.0066	-0.2058	-0.0249	-0.0333	-0.0325	-8.7648	5.4538	-0.2902
2	0.1193	0.0114	-0.5807	0.0391	0.1316	-0.0036	0.8762	9.2815	-2.8199
0	-0.0552	-0.1041	-0.0189	-0.0051	-0.0829	0.0565	-1.3834	9.3823	1.4820
1	-0.1152	0.0024	-0.2028	-0.0532	-0.0272	-0.1525	-8.9827	5.4668	-0.2948
2	0.1183	0.0125	-0.5813	0.0045	0.0356	-0.0301	0.9768	9.1506	-2.9127
0	-0.0529	-0.1095	-0.0184	-0.0083	-0.1186	0.0266	-1.3883	9.4483	1.5078
1	-0.1196	-0.0007	-0.2003	-0.0442	-0.0160	-0.0541	-8.6716	5.4814	-0.2920
2	0.1167	0.0165	-0.5808	-0.0123	0.1721	-0.0029	0.9195	9.2804	-2.7966
0	-0.0509	-0.1092	-0.0184	-0.0114	-0.0071	0.0540	-1.2965	9.3635	1.4636
1	-0.1185	-0.0055	-0.1961	-0.0512	-0.0047	-0.0477	-8.6827	5.5076	-0.2396
2	0.1157	0.0189	-0.5801	0.0054	0.0096	-0.0322	0.8779	9.0527	-2.7051
0	-0.0496	-0.1096	-0.0178	-0.0095	-0.0598	-0.0076	-1.3055	9.3364	1.6049
1	-0.1196	-0.0062	-0.1949	-0.0214	0.0092	-0.0737	-8.7795	5.4066	-0.2308
2	0.1141	0.0187	-0.5794	0.0022	0.0715	0.0131	0.8272	9.0842	-2.6878
0	-0.0493	-0.1092	-0.0175	-0.0053	-0.0257	0.0066	-1.2935	9.3374	1.4899
1	-0.1192	-0.0070	-0.1937	-0.0204	0.0188	-0.0593	-8.7995	5.4478	-0.2021
2	0.1144	0.0193	-0.5784	0.0036	0.0180	0.0123	0.8324	9.0989	-2.8024
0	-0.0498	-0.1097	-0.0177	0.0255	-0.0252	-0.0240	-1.2132	9.6640	1.8003
1	-0.1190	-0.0058	-0.1947	-0.0141	0.0136	0.0269	-8.9141	5.3931	-0.1028
2	0.1148	0.0192	-0.5775	0.0289	0.0565	0.0494	0.7370	9.1317	-2.7296
0	-0.0496	-0.1068	-0.0168	-0.0605	0.0437	-0.0076	-1.0716	9.2489	1.7574
1	-0.1158	-0.0068	-0.1914	-0.0269	0.0775	0.0120	-8.9514	5.3257	-0.1055
2	0.1154	0.0173	-0.5769	-0.0346	-0.0552	0.0064	0.7932	9.1857	-3.0739
0	-0.0507	-0.1040	-0.0149	-0.0023	0.0265	-0.0379	-1.2595	10.0401	1.4079
1	-0.1132	-0.0047	-0.1915	-0.0280	0.0344	0.0348	-9.0729	5.7944	-0.0460
2	0.1158	0.0148	-0.5742	-0.0101	-0.0266	0.0705	0.6505	9.1905	-2.8869
0	-0.0505	-0.1005	-0.0133	-0.0338	0.0185	0.0137	-1.6677	10.1770	1.2116
1	-0.1100	-0.0064	-0.1881	-0.0616	-0.0101	0.0152	-9.2282	6.0552	-0.3757
2	0.1166	0.0114	-0.5725	-0.0316	-0.0403	0.0187	0.8412	9.7417	-2.7694
0	-0.0479	-0.0994	-0.0129	-0.0011	-0.0558	0.0696	-1.4608	9.2549	1.4400
1	-0.1089	-0.0123	-0.1837	-0.0510	-0.0351	-0.0375	-8.9483	5.6645	-0.3602
2	0.1150	0.0095	-0.5710	-0.0076	0.0384	-0.0595	1.0745	9.9808	-2.5791
0	-0.0464	-0.0996	-0.0127	-0.0163	0.0287	-0.0070	-1.2232	9.0572	1.8241
1	-0.1073	-0.0137	-0.1819	-0.0255	0.0453	0.0514	-8.5070	5.0726	-0.2370
2	0.1130	0.0103	-0.5710	0.0066	0.0533	-0.0025	0.8856	9.0369	-2.7126
0	-0.0469	-0.0956	-0.0116	-0.0077	0.0321	-0.0214	-1.3134	9.4077	1.2508
1	-0.1040	-0.0127	-0.1816	0.0064	0.0295	0.0295	-8.6857	5.5413	-0.1523
2	0.1132	0.0074	-0.5696	-0.0069	-0.0536	0.0332	0.7612	8.7404	-2.8615
0	-0.0482	-0.0908	-0.0118	0.0232	0.1504	-0.0305	-1.1534	9.4762	1.3952
1	-0.0967	-0.0104	-0.1831	0.0239	0.0295	0.1855	-8.4969	5.5712	-0.0657
2	0.1142	0.0041	-0.5689	0.0222	-0.0714	0.0454	0.6947	9.1609	-2.5201
0	-0.0502	-0.0822	-0.0127	0.0402	0.0618	-0.0826	-1.1048	9.3116	1.0230
1	-0.0906	-0.0056	-0.1872	0.0590	0.0379	0.0205	-8.7394	5.7048	-0.0006
2	0.1156	-0.0052	-0.5690	0.0342	-0.1324	0.0732	0.6008	9.0274	-2.5630
0	-0.0535	-0.0778	-0.0149	0.0861	0.0880	-0.0525	-1.2786	9.8920	1.4010
1	-0.0859	-0.0006	-0.1929	0.0466	0.0046	0.1164	-8.8076	5.8032	-0.0468
2	0.1189	-0.0094	-0.5696	0.0729	-0.0515	0.0791	0.5873	9.4248	-2.4246
0	-0.0553	-0.0723	-0.0161	-0.0006	0.0544	-0.0586	-1.1309	9.7061	1.4296
1	-0.0806	0.0028	-0.1952	0.0114	0.0617	0.0474	-9.0697	5.8027	-0.1106
2	0.1211	-0.0152	-0.5713	0.0333	-0.0994	0.0536	0.7122	9.4717	-2.6861
0	-0.0567	-0.0681	-0.0161	0.0336	0.0583	-0.0065	-1.4720	10.2113	0.9898
1	-0.0764	0.0038	-0.1958	-0.0014	-0.0123	0.0605	-8.9938	6.2478	-0.1548
2	0.1231	-0.0196	-0.5704	0.0198	-0.0590	0.0451	0.7338	9.7557	-2.5429
0	-0.0565	-0.0643	-0.0173	0.0279	0.0026	0.0045	-1.4699	9.8214	1.1941
1	-0.0729	0.0030	-0.1960	-0.0079	-0.0079	0.0158	-8.9747	6.0344	-0.3601
2	0.1233	-0.0241	-0.5710	0.0351	-0.0398	0.0084	0.8740	9.9337	-2.3431
0	-0.0563	-0.0621	-0.0180	0.0059	0.0053	-0.0067	-1.4462	9.4734	1.2529
1	-0.0706	0.0030	-0.1960	-0.0049	0.0179	-0.0128	-8.7879	5.7477	-0.3693
2	0.1232	-0.0266	-0.5715	0.0162	-0.0154	0.0164	0.9757	9.5687	-2.5099
0	-0.0575	-0.0615	-0.0181	0.0017	-0.0333	-0.0465	-1.5238	9.5834	1.1608
1	-0.0702	0.0059	-0.1980	0.0197	0.0444	-0.0299	-8.7039	5.8440	-0.4526
2	0.1241	-0.0280	-0.5711	0.0166	0.0308	0.0592	0.9502	9.2878	-2.4522
0	-0.0592	-0.0609	-0.0179	0.0010	-0.0162	-0.0238	-1.6081	9.8495	1.0454
1	-0.0692	0.0079	-0.1991	-0.0133	0.0205	-0.0140	-8.7309	6.0172	-0.4523
2	0.1264	-0.0284	-0.5703	0.0057	0.0192	0.0553	1.0255	9.4345	-2.3657
0	-0.0597	-0.0601	-0.0175	-0.0087	-0.0345	-0.0128	-1.4475	9.6290	1.0093
1	-0.0687	0.0085	-0.1989	-0.0118	0.0243	-0.0422	-8.6552	6.0099	-0.3552
2	0.1274	-0.0293	-0.5694	0.0029	0.0272	0.0309	0.9953	9.5537	-2.2586
0	-0.0600	-0.0596	-0.0176	0.0167	-0.0106	-0.0035	-1.4724	9.7432	0.9546
1	-0.0677	0.0088	-0.1995	-0.0017	-0.0006	-0.0033	-8.5887	6.0146	-0.3127
2	0.1281	-0.0296	-0.5686	0.0153	0.0296	0.0334	0.9037	9.4638	-2.1883
0	-0.0604	-0.0582	-0.0184	0.0334	-0.0275	-0.0227	-1.3278	9.4439	0.9886
1	-0.0663	0.0102	-0.2015	0.0317	0.0016	-0.0017	-8.5385	5.9125	-0.2645
2	0.1286	-0.0309	-0.5688	0.0334	0.0170	0.0320	0.8677	9.4148	-2.2050
0	-0.0617	-0.0564	-0.0200	0.0392	0.0225	-0.0313	-1.3800	9.5834	1.2705
1	-0.0636	0.0124	-0.2043	0.0120	0.0155	0.0356	-8.6243	5.7745	-0.2723
2	0.1300	-0.0323	-0.5696	0.0528	-0.0093	0.0503	0.7956	9.2464	-2.2758
0	-0.0630	-0.0532	-0.0207	0.0269	0.0219	-0.0419	-1.3407	9.5086	0.9652
1	-0.0602	0.0149	-0.2065	0.0353	0.0219	0.0340	-8.5952	5.8920	-0.2457
2	0.1314	-0.0352	-0.5701	0.0224	-0.0293	0.0475	0.8690	9.2839	-2.4621
0	-0.0648	-0.0497	-0.0218	0.0298	0.0511	-0.0451	-1.3523	9.5862	1.0120
1	-0.0559	0.0179	-0.2092	0.0326	0.0380	0.0813	-8.5402	5.9499	-0.2481
2	0.1332	-0.0383	-0.5703	0.0392	-0.0474	0.0566	0.7901	9.3371	-2.2808
0	-0.0670	-0.0444	-0.0227	0.0408	0.0816	-0.0639	-1.4075	9.7216	0.7480
1	-0.0504	0.0220	-0.2126	0.0667	0.0243	0.0542	-8.6139	6.1536	-0.2670
2	0.1351	-0.0430	-0.5704	0.0321	-0.0937	0.0699	0.8130	9.3476	-2.2337
0	-0.0702	-0.0403	-0.0254	0.0811	-0.0101	-0.0707	-1.4706	9.7339	0.8588
1	-0.0475	0.0277	-0.2196	0.0809	0.0078	-0.0101	-8.7360	6.1873	-0.3164
2	0.1381	-0.0485	-0.5715	0.0792	-0.0229	0.0784	0.8142	9.6511	-2.0413
0	-0.0729	-0.0381	-0.0282	0.0366	0.0214	-0.0194	-1.5822	10.1035	1.3008
1	-0.0451	0.0309	-0.2237	-0.0062	0.0083	0.0239	-8.9313	6.0839	-0.4577
2	0.1417	-0.0510	-0.5738	0.0769	-0.0117	0.0759	0.9296	9.6494	-2.1942
0	-0.0729	-0.0363	-0.0281	-0.0173	-0.0068	-0.0011	-1.5335	9.7530	1.0399
1	-0.0431	0.0303	-0.2223	-0.0318	0.0273	-0.0166	-8.8175	6.0530	-0.4466
2	0.1426	-0.0533	-0.5741	-0.0047	-0.0017	0.0215	1.1360	9.7579	-2.5055
0	-0.0728	-0.0361	-0.0270	-0.0176	-0.0527	-0.0082	-1.5701	9.7718	0.8048
1	-0.0435	0.0300	-0.2209	-0.0385	0.0181	-0.0479	-8.6178	6.1833	-0.4324
2	0.1426	-0.0540	-0.5726	-0.0158	0.0408	0.0306	1.0075	9.5836	-2.2101
0	-0.0720	-0.0360	-0.0260	-0.0198	-0.0160	0.0132	-1.4442	9.5457	0.8459
1	-0.0430	0.0283	-0.2182	-0.0311	0.0261	-0.0120	-8.4564	6.0799	-0.3868
2	0.1425	-0.0536	-0.5711	-0.0157	0.0303	0.0067	0.9843	9.5644	-2.0722
0	-0.0723	-0.0348	-0.0253	0.0045	-0.0209	-0.0268	-1.4465	9.5718	0.6892
1	-0.0420	0.0294	-0.2185	0.0135	0.0177	-0.0186	-8.3952	6.0958	-0.3460
2	0.1423	-0.0546	-0.5694	-0.0026	0.0132	0.0445	0.8818	9.2368	-2.0459
