0	0.0000	0.0000	0.0000	0.0000	0.0000	0.0000	0.0000	0.0000	0.0000
0	0.0000	0.0000	0.0000	0.0000	0.0000	0.0000	0.0000	0.0000	0.0000
0	0.0000	0.0000	0.0000	0.0000	0.0000	0.0000	0.0000	0.0000	0.0000
0	0.0001	-0.0492	0.1165	0.0754	0.0391	0.0212	-0.6641	9.6657	0.8762
1	-0.0446	-0.0521	0.1031	0.0153	-0.0610	0.0254	-8.7055	6.1230	0.4282
2	-0.0143	0.0020	0.1060	0.0820	-0.0838	-0.0345	0.1574	9.6997	-2.4104
0	0.0026	-0.0491	0.1186	0.0204	-0.0312	0.0449	-0.6017	9.7617	0.5851
1	-0.0450	-0.0569	0.1084	0.0309	-0.0491	-0.0124	-8.4006	6.3102	0.5399
2	-0.0164	0.0003	0.1070	-0.0047	0.0129	-0.0462	0.1738	9.7175	-2.4721
0	0.0035	-0.0479	0.1176	0.1494	0.0205	-0.0114	-0.7167	9.8475	0.6179
1	-0.0443	-0.0572	0.1067	0.0936	-0.0758	-0.0007	-8.2518	6.4140	0.5100
2	-0.0182	0.0002	0.1087	0.1068	-0.0193	0.0117	-0.1544	9.5391	-1.8292
0	0.0040	-0.0485	0.1164	0.0238	-0.1004	0.0188	-0.7781	9.6850	1.0479
1	-0.0471	-0.0583	0.1076	-0.0155	-0.0078	-0.1172	-8.6259	6.0733	0.2448
2	-0.0180	-0.0020	0.1074	0.0685	0.0259	0.0060	0.1386	9.6084	-2.1340
0	0.0052	-0.0519	0.1197	-0.0110	-0.0529	0.0189	-0.7979	9.7299	0.9618
1	-0.0511	-0.0609	0.1131	-0.0508	0.0065	-0.0267	-8.3733	5.9719	0.3103
2	-0.0189	0.0016	0.1109	-0.0300	0.0786	0.0100	0.3334	9.5221	-2.3927
0	0.0065	-0.0519	0.1238	0.0027	0.0423	-0.0217	-0.4724	9.3038	0.8482
1	-0.0500	-0.0639	0.1190	0.0131	-0.0101	0.1063	-8.1604	5.7734	0.5678
2	-0.0206	0.0031	0.1159	-0.0393	-0.0071	-0.0043	0.0509	9.0841	-2.3060
0	0.0076	-0.0469	0.1266	0.0041	0.1549	0.0694	-0.6638	9.6384	1.1577
1	-0.0441	-0.0705	0.1275	-0.0780	-0.0444	0.1323	-8.3679	5.7614	0.5478
2	-0.0224	-0.0004	0.1200	-0.0318	-0.1465	-0.0445	-0.0596	9.0815	-2.3525
0	0.0109	-0.0442	0.1293	0.0287	-0.0456	0.0361	-0.5479	8.4788	0.7278
1	-0.0435	-0.0767	0.1346	-0.0035	-0.0113	0.0505	-7.9032	5.4076	0.4373
2	-0.0268	-0.0050	0.1245	-0.0222	0.0073	-0.0467	0.0180	9.1311	-2.2245
0	0.0092	-0.0418	0.1340	-0.1301	0.2072	-0.1233	-0.5687	8.1188	1.7016
1	-0.0369	-0.0739	0.1403	-0.0591	0.2761	0.2956	-7.1714	4.7645	-0.0239
2	-0.0277	-0.0050	0.1287	-0.0735	-0.1322	0.0924	0.0949	7.8978	-2.2776
0	-0.0001	-0.0259	0.1488	-0.2615	0.5661	-0.3734	-0.9005	7.6647	1.0768
1	-0.0151	-0.0576	0.1478	0.0108	0.6294	0.5743	-6.9702	4.9462	-0.3363
2	-0.0239	-0.0149	0.1410	-0.2527	-0.4433	0.2517	0.4147	7.2175	-2.4708
0	-0.0195	0.0003	0.1728	-0.5186	0.6544	-0.4881	-1.1334	8.5118	-0.3715
1	0.0111	-0.0288	0.1570	0.0620	0.7691	0.6789	-6.8466	6.1480	-0.2677
2	-0.0115	-0.0384	0.1620	-0.4684	-0.6538	0.4433	0.7705	7.4866	-2.2184
0	-0.0444	0.0414	0.1938	-0.2786	1.0743	-0.4778	-1.5042	9.8096	-0.3287
1	0.0514	-0.0009	0.1617	0.0786	0.6439	1.0125	-6.8755	7.0700	-0.2714
2	0.0078	-0.0723	0.1914	-0.2980	-0.9668	0.4772	0.4535	8.4915	-0.5848
0	-0.0654	0.0888	0.2077	-0.2002	1.0898	-0.4914	-1.5525	9.4241	-1.7313
1	0.1002	0.0266	0.1668	0.1705	0.5816	0.9679	-6.9395	7.6465	-0.3907
2	0.0239	-0.1176	0.2096	-0.3010	-1.1333	0.4210	0.7069	9.2541	-0.3446
0	-0.0863	0.1332	0.2179	-0.2427	0.8672	-0.4066	-1.8842	9.9092	-1.3720
1	0.1355	0.0464	0.1718	0.0657	0.5762	0.7685	-7.3381	7.9393	-0.7087
2	0.0408	-0.1645	0.2233	-0.2106	-1.0185	0.3861	0.7782	9.7456	0.2310
0	-0.1071	0.1686	0.2331	-0.3279	0.9539	-0.4160	-2.1473	10.2232	-1.6196
1	0.1724	0.0668	0.1834	-0.0002	0.5797	1.0758	-6.5846	8.1941	-1.0074
2	0.0568	-0.2010	0.2393	-0.3458	-0.7982	0.3909	1.3010	10.1629	0.0184
0	-0.1231	0.2211	0.2434	-0.1315	1.3338	-0.2602	-2.2565	9.6984	-2.6745
1	0.2320	0.0770	0.2026	0.0567	0.3748	1.2246	-6.2369	8.5722	-0.9726
2	0.0717	-0.2445	0.2556	-0.2259	-1.3437	0.2234	1.3063	9.7155	0.6381
0	-0.1376	0.2733	0.2480	-0.0854	1.0443	-0.2916	-2.2539	9.6464	-3.0568
1	0.2797	0.0874	0.2131	0.0919	0.3178	1.0852	-5.9608	8.8099	-1.1084
2	0.0805	-0.2992	0.2642	-0.1204	-1.0937	0.2459	1.1779	9.8688	1.6215
0	-0.1525	0.3229	0.2495	-0.0458	0.9314	-0.3701	-2.3717	9.1248	-3.4920
1	0.3256	0.0979	0.2229	0.0914	0.3943	1.0676	-5.5994	9.0087	-1.4814
2	0.0910	-0.3503	0.2696	-0.0612	-1.0543	0.2411	1.3121	9.6426	1.8030
0	-0.1661	0.3759	0.2478	0.0810	1.4950	-0.1427	-2.7117	10.2538	-3.5727
1	0.3922	0.1032	0.2428	-0.0479	0.1307	1.7648	-4.4595	9.3070	-1.2644
2	0.1038	-0.3959	0.2714	-0.0121	-1.2156	0.2091	1.5459	9.5718	2.2715
0	-0.1676	0.4479	0.2437	0.1742	1.4636	-0.1410	-2.1422	8.0973	-4.1214
1	0.4635	0.0989	0.2643	0.0208	0.1551	1.6296	-4.6492	8.9979	-1.3690
2	0.1044	-0.4638	0.2709	0.0972	-1.6232	-0.0645	1.3779	9.2766	2.6652
0	-0.1713	0.5117	0.2401	0.0290	1.6808	-0.0150	-2.4715	8.7488	-3.7827
1	0.5450	0.0931	0.2968	-0.2165	0.1475	2.2388	-3.2233	8.8860	-1.6297
2	0.1041	-0.5296	0.2674	0.0234	-1.4380	-0.0230	1.4613	9.0550	2.7417
0	-0.1783	0.6133	0.2373	0.0243	1.7574	-0.3039	-2.2286	7.1529	-5.5397
1	0.6389	0.1013	0.3239	0.0870	0.4273	1.6541	-2.5991	9.3012	-1.7591
2	0.1022	-0.6220	0.2702	-0.0109	-1.9254	0.0632	1.4202	7.4249	3.6048
0	-0.1912	0.6802	0.2339	-0.1003	1.3273	-0.1683	-2.9007	8.5090	-5.9294
1	0.7053	0.1147	0.3431	-0.1736	0.2410	1.3342	-2.4973	10.2201	-1.7786
2	0.1104	-0.6972	0.2689	-0.0969	-1.4294	0.1808	1.5654	8.6653	4.5063
0	-0.1989	0.7421	0.2388	-0.1078	1.5283	-0.1411	-2.3832	6.5516	-7.1680
1	0.7654	0.1256	0.3653	-0.0404	0.3672	1.5318	-0.6936	10.1118	-1.9627
2	0.1168	-0.7613	0.2755	-0.1791	-1.4602	-0.0187	1.7277	8.5109	5.2211
0	-0.2093	0.8162	0.2317	0.1475	1.3056	-0.3463	-2.2965	5.8455	-8.8114
1	0.8289	0.1399	0.3784	0.3306	0.2945	1.2874	0.2288	10.3255	-1.7249
2	0.1235	-0.8279	0.2777	-0.0070	-1.4315	0.1618	1.1471	7.2051	6.7019
0	-0.2166	0.8746	0.2111	0.2418	1.0049	-0.4994	-2.3801	5.4424	-8.0770
1	0.8869	0.1553	0.3764	0.4214	0.3091	1.0898	0.4584	9.8395	-2.0905
2	0.1295	-0.8898	0.2647	0.2386	-1.1414	0.3548	0.9028	6.7952	7.4785
0	-0.2212	0.9307	0.1951	0.0909	1.8163	0.3798	-4.3505	13.9429	-5.0284
1	0.9545	0.1555	0.4025	-1.0394	-0.8768	2.4522	-0.7570	11.1692	-1.6891
2	0.1369	-0.9477	0.2437	0.1989	-1.2655	0.2178	1.6970	7.1984	6.4985
0	-0.1960	1.0195	0.2367	-0.0284	2.1622	0.8006	-1.8504	3.9361	-8.0778
1	1.0397	0.1341	0.4681	-0.4656	-0.2698	1.6608	-0.8862	10.6423	-2.1659
2	0.1105	-1.0253	0.2741	-0.1626	-2.3653	-1.4087	2.8535	10.2859	4.8965
0	-0.1831	1.0819	0.2595	0.1088	0.8603	0.3060	-1.7314	4.9808	-9.8144
1	1.0853	0.1281	0.4953	-0.0181	-0.1097	0.5828	0.8349	10.9712	-1.6397
2	0.0881	-1.1020	0.3083	0.0079	-1.1544	-0.5960	0.9265	7.7051	7.4098
0	-0.1791	1.1022	0.2594	0.1462	0.0317	-0.1499	-1.8602	3.8651	-9.7817
1	1.0950	0.1281	0.4923	0.2153	0.0280	-0.0587	2.2462	9.9201	-1.7778
2	0.0776	-1.1332	0.3153	0.1150	-0.2630	-0.0083	0.5024	6.4012	8.6838
0	-0.1796	1.1014	0.2512	0.0857	-0.1021	-0.0718	-2.7307	5.0356	-7.9896
1	1.0930	0.1285	0.4852	0.0543	-0.0450	-0.0321	2.0945	9.1499	-2.0932
2	0.0772	-1.1370	0.3051	0.1230	0.1100	0.1366	0.8570	5.4372	8.2697
0	-0.1800	1.1001	0.2525	0.0375	0.0377	0.0913	-2.7203	4.9688	-8.3357
1	1.0952	0.1273	0.4860	-0.0280	-0.1168	0.1477	2.0112	9.1534	-2.2412
2	0.0776	-1.1352	0.2999	0.0267	0.0092	-0.0641	1.6448	5.4746	7.1779
0	-0.1779	1.1040	0.2566	0.0660	0.0887	0.1115	-2.5147	4.6270	-8.5859
1	1.1003	0.1249	0.4888	-0.0342	-0.1147	0.0907	2.1032	9.2547	-2.1675
2	0.0756	-1.1377	0.3008	0.0517	-0.1054	-0.1191	1.4412	5.3320	7.4248
0	-0.1762	1.1048	0.2604	0.0554	-0.0870	0.0629	-2.3217	4.3104	-9.1541
1	1.0997	0.1231	0.4892	0.0192	-0.0700	-0.1328	2.2765	9.4151	-2.1222
2	0.0730	-1.1403	0.3018	0.0354	0.0042	-0.0984	1.3362	5.3779	7.7112
0	-0.1757	1.0987	0.2615	0.0637	-0.1577	0.0236	-2.4176	4.7096	-8.5046
1	1.0931	0.1220	0.4860	0.0162	-0.0679	-0.0540	2.1944	9.2062	-2.0615
2	0.0719	-1.1360	0.3004	0.0462	0.1704	-0.0242	1.1819	5.3711	7.9342
0	-0.1750	1.0980	0.2631	0.0585	0.0758	0.0495	-2.4425	4.7949	-8.4429
1	1.0948	0.1212	0.4867	0.0015	-0.0583	0.0386	2.0591	9.2236	-2.0879
2	0.0711	-1.1321	0.2978	0.0488	-0.0373	-0.0484	1.2717	5.2016	7.4017
0	-0.1742	1.0999	0.2632	0.0940	0.0082	-0.0182	-2.2966	4.6617	-8.6662
1	1.0955	0.1209	0.4846	0.0692	-0.0519	0.0157	2.1220	9.3562	-1.9702
2	0.0702	-1.1350	0.2957	0.0671	-0.0170	-0.0056	1.1915	5.4862	7.6317
0	-0.1735	1.1010	0.2618	0.0767	-0.0619	-0.0106	-2.2686	4.3392	-8.9024
1	1.0954	0.1203	0.4815	0.0703	-0.0346	-0.0967	2.2507	9.2524	-1.9966
2	0.0694	-1.1374	0.2907	0.0749	-0.0090	-0.0001	1.1319	5.3241	7.6758
0	-0.1740	1.0942	0.2608	0.0487	-0.2926	-0.0389	-2.3386	4.6904	-8.7844
1	1.0856	0.1206	0.4754	0.0571	-0.0261	-0.2545	2.0030	9.4209	-2.0545
2	0.0691	-1.1346	0.2862	0.0533	0.2480	0.0411	1.1711	5.4912	7.8355
0	-0.1745	1.0860	0.2604	0.0571	-0.0198	0.0187	-2.5178	4.5728	-8.0466
1	1.0816	0.1204	0.4737	-0.0063	-0.0530	0.0215	2.1463	8.9412	-2.2357
2	0.0701	-1.1249	0.2813	0.0578	0.1533	0.0025	1.3039	5.5031	7.4997
0	-0.1747	1.0871	0.2615	0.0595	0.0940	0.0805	-2.6574	5.1967	-8.1770
1	1.0843	0.1203	0.4764	-0.0919	-0.0901	0.1945	1.9980	9.0836	-2.1900
2	0.0700	-1.1249	0.2786	0.0459	-0.0201	-0.0350	1.4393	5.1341	7.2609
0	-0.1724	1.0985	0.2677	0.0356	0.4094	0.1903	-2.4205	4.6497	-8.0847
1	1.0990	0.1188	0.4864	-0.1140	-0.0999	0.3689	1.9999	8.9331	-2.1138
2	0.0675	-1.1324	0.2796	0.0335	-0.3444	-0.1958	1.4838	5.2439	7.0252
0	-0.1686	1.1139	0.2737	0.1201	0.2529	0.1063	-2.1355	4.2101	-9.1656
1	1.1123	0.1167	0.4922	0.0027	-0.1114	0.2400	2.3724	9.3066	-1.9032
2	0.0637	-1.1474	0.2836	0.0634	-0.2990	-0.1566	1.1297	5.2021	7.5915
0	-0.1654	1.1239	0.2762	0.1055	0.3298	0.0921	-2.3439	4.6811	-8.5117
1	1.1253	0.1159	0.4968	-0.0162	-0.1175	0.4338	2.5085	9.1958	-1.9969
2	0.0590	-1.1584	0.2835	0.0769	-0.2148	-0.1061	0.9657	5.2018	7.9279
0	-0.1611	1.1421	0.2789	0.1198	0.2884	0.0559	-2.1405	3.8729	-9.4222
1	1.1412	0.1139	0.5007	0.0430	-0.0839	0.2237	2.6584	9.2416	-1.9989
2	0.0550	-1.1753	0.2837	0.0804	-0.3840	-0.1101	1.1235	4.9463	7.7256
0	-0.1593	1.1485	0.2790	0.0745	0.0354	0.0279	-2.2979	4.2137	-9.0023
1	1.1464	0.1125	0.5005	0.0392	-0.0837	0.0406	2.5861	9.1733	-2.0603
2	0.0519	-1.1871	0.2813	0.0860	-0.0743	-0.0333	1.0329	5.0598	8.2160
0	-0.1591	1.1490	0.2792	0.0686	0.0077	0.0289	-2.4559	4.3495	-8.6674
1	1.1484	0.1109	0.4998	-0.0141	-0.1244	0.0842	2.6130	8.9899	-2.1021
2	0.0502	-1.1886	0.2782	0.0773	0.0195	-0.0137	1.1298	4.9512	7.8928
0	-0.1576	1.1514	0.2831	0.0523	0.1376	0.1647	-2.4211	4.3552	-8.7826
1	1.1543	0.1077	0.5045	-0.0772	-0.1696	0.2407	2.7630	8.9935	-2.0911
2	0.0481	-1.1906	0.2771	0.0461	-0.0780	-0.1503	1.3058	4.9158	7.7447
0	-0.1535	1.1598	0.2905	0.0983	0.2311	0.1735	-2.1948	4.2967	-8.7942
1	1.1645	0.1041	0.5108	-0.0744	-0.1685	0.2832	2.6081	9.1107	-1.9499
2	0.0433	-1.1971	0.2807	0.0692	-0.2048	-0.2091	1.1529	4.9212	7.8326
0	-0.1497	1.1692	0.2977	0.0367	0.2137	0.2002	-2.1797	3.8733	-8.9767
1	1.1752	0.1014	0.5190	-0.1061	-0.1536	0.2656	2.7693	8.9517	-1.9600
2	0.0378	-1.2065	0.2841	0.0424	-0.2240	-0.2272	1.0941	4.9544	7.7377
0	-0.1474	1.1775	0.3037	0.0704	0.2359	0.1149	-2.0772	4.1773	-8.9126
1	1.1866	0.0997	0.5248	-0.0676	-0.1169	0.3268	2.9835	9.0203	-1.8717
2	0.0337	-1.2139	0.2891	0.0505	-0.1710	-0.1580	0.9365	4.6824	8.0356
0	-0.1464	1.1896	0.3095	-0.0050	0.3524	0.1470	-2.1566	3.7323	-8.7696
1	1.2030	0.1012	0.5349	-0.1094	-0.0450	0.3656	3.1106	8.8219	-1.9730
2	0.0304	-1.2241	0.2916	0.0114	-0.2960	-0.1748	0.9081	4.6005	7.9987
0	-0.1466	1.2009	0.3135	0.0740	0.0888	0.0149	-1.9053	3.7071	-9.7007
1	1.2099	0.1024	0.5373	0.0807	-0.0408	-0.0305	2.8934	9.2086	-1.7533
2	0.0291	-1.2384	0.2953	0.0345	-0.1944	-0.0782	0.8692	4.6373	8.1142
0	-0.1461	1.2008	0.3119	0.0527	-0.0434	0.0238	-2.3468	4.1399	-8.7578
1	1.2085	0.1019	0.5350	-0.0366	-0.0806	-0.0234	2.9713	8.8741	-2.0062
2	0.0279	-1.2411	0.2914	0.0837	0.0389	0.0250	0.7575	4.8313	8.2798
0	-0.1460	1.1997	0.3153	0.0634	0.0593	0.0726	-2.2040	3.8868	-8.9043
1	1.2088	0.1017	0.5368	-0.0418	-0.0912	0.1176	3.2015	8.8311	-1.9942
2	0.0274	-1.2399	0.2900	0.0340	0.0025	-0.0813	1.1433	4.7248	7.9136
0	-0.1434	1.2060	0.3194	0.1110	0.1923	0.1222	-2.1365	3.7262	-9.2501
1	1.2147	0.1011	0.5403	-0.0198	-0.1093	0.2065	3.3231	8.9042	-1.9350
2	0.0255	-1.2442	0.2901	0.0534	-0.1374	-0.1311	0.9925	4.5076	8.0344
0	-0.1390	1.2160	0.3232	0.1097	0.2339	0.1221	-2.0124	3.4110	-9.1181
1	1.2240	0.0992	0.5445	-0.0175	-0.1045	0.1895	3.3669	8.6996	-1.9541
2	0.0214	-1.2543	0.2905	0.0800	-0.2527	-0.1344	0.9733	4.3328	8.0995
0	-0.1362	1.2253	0.3252	0.0867	0.1301	0.0224	-1.8322	3.1668	-9.3101
1	1.2304	0.0988	0.5455	0.0413	-0.0486	0.0889	3.4522	8.7164	-1.8597
2	0.0186	-1.2644	0.2901	0.0746	-0.1943	-0.0624	0.8053	4.1524	8.2375
0	-0.1355	1.2297	0.3241	0.0702	0.0072	-0.0193	-1.9588	3.3634	-9.3884
1	1.2328	0.0989	0.5432	0.0851	-0.0294	-0.0245	3.4632	8.7924	-1.8807
2	0.0177	-1.2711	0.2863	0.0599	-0.0602	0.0161	0.7496	4.1624	8.3583
0	-0.1354	1.2265	0.3218	0.0806	-0.2086	-0.0319	-2.0668	3.6417	-9.6555
1	1.2262	0.0986	0.5368	0.0855	-0.0323	-0.3423	3.3104	9.1845	-1.8578
2	0.0180	-1.2723	0.2804	0.0751	0.1154	0.0489	0.7777	4.4010	8.4995
0	-0.1359	1.2088	0.3197	0.0306	-0.5560	-0.0322	-2.0057	3.8834	-9.3282
1	1.2051	0.0959	0.5268	0.0951	-0.0517	-0.6460	3.0956	9.2528	-1.8691
2	0.0185	-1.2607	0.2738	0.0684	0.4623	0.0630	0.8277	4.8219	8.6736
0	-0.1379	1.1788	0.3156	0.0797	-0.9694	-0.2001	-1.7583	3.4504	-9.9081
1	1.1656	0.0917	0.5081	0.1951	0.0390	-1.1815	2.8445	9.6134	-1.7980
2	0.0205	-1.2356	0.2667	0.0830	0.7614	0.1586	0.7525	4.8504	8.5640
0	-0.1439	1.1274	0.3099	-0.0595	-1.2607	-0.0156	-2.2043	6.2618	-9.4300
1	1.1143	0.0902	0.4920	-0.0253	-0.1562	-1.2258	2.1986	10.5454	-1.4271
2	0.0260	-1.1937	0.2526	-0.0162	1.2376	0.2727	0.8066	5.6994	8.4433
0	-0.1398	1.0783	0.3148	0.2478	-0.8696	0.2643	-2.1345	6.1973	-9.3947
1	1.0706	0.0724	0.4809	0.0430	-0.4961	-0.7115	2.3576	10.6072	-1.2566
2	0.0296	-1.1415	0.2469	0.1495	1.0174	-0.1139	0.5297	6.6676	8.5889
0	-0.1238	1.0416	0.3224	0.2054	-0.8560	0.3878	-2.0864	5.7553	-8.0931
1	1.0367	0.0520	0.4750	-0.1064	-0.4435	-0.9904	1.0751	10.0794	-1.8184
2	0.0160	-1.1042	0.2455	0.2994	0.7865	-0.3075	0.6096	6.4861	8.2775
0	-0.1161	0.9884	0.3373	-0.0899	-1.0783	0.3137	-1.9633	6.1462	-7.8199
1	0.9876	0.0386	0.4735	-0.2435	-0.3057	-0.9489	0.7231	9.8705	-1.8191
2	0.0032	-1.0579	0.2497	-0.0250	1.1308	-0.2343	1.2369	6.6185	6.8994
0	-0.1111	0.9487	0.3562	-0.0594	-0.6149	0.5078	-2.1963	7.1293	-8.1161
1	0.9525	0.0245	0.4802	-0.2551	-0.4600	-0.7888	0.7134	10.4014	-1.4636
2	0.0001	-1.0122	0.2590	-0.0934	0.7595	-0.3544	1.0769	6.7395	6.7663
0	-0.1026	0.9109	0.3762	-0.0329	-1.2269	0.2915	-1.3767	5.3105	-9.6280
1	0.8979	0.0090	0.4790	0.0138	-0.3509	-1.4879	0.3739	10.7616	-1.2690
2	-0.0091	-0.9799	0.2738	-0.0740	0.8893	-0.3542	0.7974	7.4001	7.1889
0	-0.0967	0.8511	0.3842	0.0879	-1.1992	0.2993	-2.1804	8.5981	-7.6831
1	0.8401	-0.0055	0.4705	-0.1919	-0.5309	-0.9893	0.1473	11.1080	-1.1053
2	-0.0134	-0.9244	0.2775	0.0983	1.3976	-0.0734	0.2405	7.4189	7.8400
0	-0.0771	0.8105	0.4027	0.1375	-0.6102	0.7463	-1.1819	7.6970	-8.0667
1	0.8177	-0.0368	0.4853	-0.8691	-1.0322	0.1627	2.2144	9.7116	0.3085
2	-0.0268	-0.8724	0.2831	0.0484	0.7493	-0.6593	0.8742	8.5593	6.4888
0	-0.0486	0.8005	0.3975	0.9167	-0.8606	-0.7465	-0.8060	3.8472	-10.2184
1	0.7944	-0.0511	0.4569	1.4878	-0.0548	-1.9004	-0.1330	11.1226	-1.4636
2	-0.0575	-0.8534	0.2914	0.6069	0.1011	-0.2298	-1.6630	3.3850	8.7859
0	-0.0470	0.7324	0.3691	0.1305	-2.0033	0.3006	-3.1997	12.0813	-4.5212
1	0.7034	-0.0631	0.4266	-0.1457	-0.6291	-1.6870	-3.5406	11.4178	-1.4972
2	-0.0564	-0.8127	0.2464	0.5595	2.0530	0.3883	1.1036	11.2962	6.2975
0	-0.0283	0.6575	0.3785	0.3147	-1.2342	0.3914	-1.2267	8.0480	-6.2369
1	0.6409	-0.0878	0.4224	0.0966	-0.6784	-1.3685	-1.7773	10.0547	-0.6437
2	-0.0652	-0.7302	0.2410	0.1689	1.4429	-0.3540	1.9637	10.0773	4.2997
0	-0.0080	0.5781	0.3754	0.3298	-2.7771	0.1838	-0.3154	5.9694	-5.8344
1	0.5354	-0.1115	0.4102	0.3403	-0.3771	-2.6647	-4.1699	9.5468	-0.2837
2	-0.0813	-0.6710	0.2337	0.4378	1.9585	-0.2013	-0.1601	8.8061	5.1054
0	-0.0074	0.4686	0.3669	0.2777	-1.7442	-0.0041	-1.2018	11.2377	-3.7357
1	0.4508	-0.1168	0.3923	0.1704	-0.3555	-1.1529	-2.8992	10.0594	-0.0380
2	-0.0827	-0.5593	0.2175	0.3210	2.4337	0.3277	-0.0460	8.3177	3.6691
0	0.0012	0.4153	0.3565	0.4290	-1.3819	0.0152	-0.4666	8.7004	-5.6575
1	0.3954	-0.1223	0.3762	0.4945	-0.4322	-1.8923	-4.4260	10.4687	0.3061
2	-0.0837	-0.4939	0.2022	0.4222	1.0608	-0.0261	0.0225	8.8431	3.2244
0	0.0092	0.3240	0.3392	0.4383	-2.4946	0.0639	-0.6039	8.3472	-3.1601
1	0.2934	-0.1342	0.3525	0.3474	-0.5686	-2.2961	-5.0147	8.6933	0.2709
2	-0.0847	-0.4245	0.1805	0.5735	2.3287	0.0930	-0.6555	10.5732	3.7504
0	0.0162	0.2238	0.3281	0.2842	-2.2607	0.1275	-0.1989	8.2531	-1.8476
1	0.1938	-0.1477	0.3377	0.1759	-0.1574	-1.5436	-4.7143	7.5891	0.3524
2	-0.0835	-0.3218	0.1603	0.4290	2.3179	0.0420	0.0230	8.6299	1.8807
0	0.0157	0.1406	0.3190	0.3581	-1.4284	-0.3871	-0.6157	8.7120	-2.0331
1	0.1320	-0.1317	0.3093	0.8231	-0.1548	-1.4088	-4.6237	7.7182	0.1969
2	-0.0802	-0.2318	0.1465	0.3497	1.8559	0.2541	-0.2528	7.5058	1.0686
0	0.0053	0.0772	0.2975	0.5489	-1.7183	-0.1652	-0.2119	8.5939	-0.3379
1	0.0668	-0.1142	0.2631	0.5879	-0.4572	-1.5364	-6.5983	6.9938	0.8497
2	-0.0606	-0.1674	0.1261	0.6539	1.5769	0.3171	-0.5890	8.7805	1.0649
0	0.0012	0.0093	0.2811	0.3551	-1.6745	-0.1160	-0.0372	6.7781	-0.6313
1	0.0005	-0.0961	0.2235	0.6182	-0.2199	-1.8231	-5.9542	5.5639	0.4350
2	-0.0484	-0.1030	0.1051	0.4976	1.4827	0.2443	-0.1645	8.5653	-0.7410
0	-0.0090	-0.0606	0.2670	0.4416	-1.3842	-0.1845	-0.8100	8.7247	0.4676
1	-0.0654	-0.0645	0.1740	0.5027	-0.2769	-1.2371	-6.0925	5.5169	0.3396
2	-0.0313	-0.0350	0.0901	0.4828	1.5662	0.4119	-0.2168	7.1191	-0.7710
0	-0.0178	-0.1093	0.2507	0.4777	-0.9457	-0.1617	-0.7892	7.6066	1.2528
1	-0.1073	-0.0377	0.1290	0.4994	-0.2573	-0.6304	-6.4714	4.6155	0.0788
2	-0.0146	0.0183	0.0749	0.4887	1.1096	0.2867	0.0346	7.3265	-1.4663
0	-0.0252	-0.1282	0.2372	0.2556	-0.3024	-0.0004	-1.6937	11.0855	3.3349
1	-0.1229	-0.0239	0.0995	0.0077	-0.3425	-0.4016	-10.2452	5.3202	-0.5532
2	-0.0008	0.0507	0.0595	0.4088	0.3098	0.1100	0.6813	7.2345	-2.6817
0	-0.0145	-0.1524	0.2369	-0.0696	-0.6457	0.3970	-1.6763	11.3116	2.5411
1	-0.1498	-0.0532	0.1164	-0.4105	-0.4378	-0.7156	-10.8486	6.0356	-0.2780
2	-0.0026	0.0693	0.0537	-0.0235	0.6367	-0.2668	1.8257	11.3557	-4.6586
0	0.0110	-0.1749	0.2397	-0.1413	-0.3011	0.7148	-1.4321	11.1921	2.8451
1	-0.1727	-0.1175	0.1700	-0.5317	-0.4382	-0.2605	-10.2495	5.6969	-0.0173
2	-0.0210	0.0962	0.0553	-0.1580	0.5446	-0.5929	1.3096	11.1547	-4.0281
0	0.0371	-0.1900	0.2434	-0.0416	-0.4540	0.4619	-0.4722	10.6174	1.4554
1	-0.1890	-0.1654	0.2086	-0.3260	-0.4591	-0.3984	-9.9705	5.7370	0.8354
2	-0.0505	0.1131	0.0571	-0.1633	0.4142	-0.4344	0.5741	9.8993	-4.0149
0	0.0615	-0.2116	0.2354	0.2391	-0.5368	0.4616	-0.1911	9.1609	1.6006
1	-0.2089	-0.2227	0.2456	-0.2826	-0.5811	-0.5025	-9.0252	5.3666	1.0131
2	-0.0732	0.1353	0.0534	0.1562	0.5262	-0.5019	-0.5897	9.9772	-2.9220
0	0.0748	-0.2417	0.2259	0.2137	-1.2568	0.0958	0.2466	7.6272	0.4003
1	-0.2565	-0.2560	0.2646	0.2300	-0.3207	-1.5917	-9.2987	5.5841	0.8061
2	-0.0896	0.1623	0.0405	0.2196	0.9196	-0.2136	-0.3302	9.1837	-2.9036
0	0.0733	-0.3160	0.2130	0.4616	-1.4642	0.1635	-0.5964	10.0633	1.7690
1	-0.3249	-0.2683	0.2555	0.3188	-0.6751	-1.2398	-8.3719	5.4946	1.2274
2	-0.0848	0.2229	0.0321	0.4252	1.7049	0.0812	-0.7325	9.4140	-2.1491
0	0.0707	-0.3836	0.1897	0.6131	-1.6706	0.0318	-0.0733	8.3930	2.1029
1	-0.3850	-0.2620	0.2209	0.5490	-0.6872	-1.5035	-9.0986	4.5730	1.0885
2	-0.0776	0.2919	0.0116	0.6171	1.5189	-0.0215	-0.4143	8.7158	-2.9243
0	0.0625	-0.4526	0.1656	0.6719	-1.4860	0.1109	-0.4719	8.9659	4.0658
1	-0.4473	-0.2270	0.1567	0.4660	-0.6745	-1.2975	-9.3729	3.7050	0.9233
2	-0.0634	0.3589	-0.0089	0.7157	1.6093	0.0145	-0.3343	8.4258	-3.9834
0	0.0556	-0.5137	0.1426	0.5713	-1.3710	0.0867	-0.4127	8.1759	4.5881
1	-0.5029	-0.1776	0.0817	0.3813	-0.6228	-1.2063	-9.6497	2.7742	0.6994
2	-0.0490	0.4204	-0.0303	0.6118	1.4107	-0.0323	0.1456	7.9225	-5.1810
0	0.0500	-0.5682	0.1189	0.6206	-1.1886	0.1575	-0.9410	7.7454	5.1056
1	-0.5517	-0.0949	-0.0281	0.3360	-0.6775	-1.1381	-10.1370	2.0483	0.2256
2	-0.0362	0.4779	-0.0494	0.6055	1.1960	-0.1536	0.3712	7.4140	-5.8629
0	0.0459	-0.6243	0.0986	0.4498	-1.3858	0.1865	-0.6552	6.6137	5.7834
1	-0.6000	0.1030	-0.2487	0.3163	-0.5693	-1.0662	-9.8635	0.9754	0.2213
2	-0.0252	0.5288	-0.0681	0.5104	1.3630	-0.1064	0.9346	7.3248	-6.5439
0	0.0363	-0.6766	0.0793	0.6308	-1.0277	0.0609	-0.9562	6.2027	6.8450
1	-0.6250	1.0439	-1.2102	0.2896	-0.4430	-0.9417	-9.4361	0.0275	0.1832
2	-0.0129	0.5841	-0.0829	0.6252	1.1536	-0.0363	0.5327	5.7029	-6.7542
0	0.0283	-0.7173	0.0629	0.3693	-0.8282	0.1076	-0.6749	5.8955	7.1723
1	-0.6109	2.2245	-2.3967	0.3258	-0.4725	-0.7933	-10.2971	-0.9329	0.0366
2	0.0026	0.6261	-0.0977	0.4189	0.9355	-0.0804	1.0719	5.2520	-8.1024
0	0.0213	-0.7487	0.0482	0.4462	-0.5750	0.1658	-1.2222	6.3233	7.1871
1	-0.5853	2.3806	-2.5682	0.1395	-0.4398	-0.4825	-10.1020	-0.8766	0.0974
2	0.0131	0.6627	-0.1072	0.4376	0.7126	-0.0898	0.8836	4.9845	-8.1264
0	0.0195	-0.7767	0.0379	0.1301	-0.9981	0.0225	-0.5800	4.5607	7.1727
1	-0.5527	2.5511	-2.7458	0.1342	-0.0978	-1.0636	-10.4461	-0.9885	-0.1996
2	0.0203	0.6898	-0.1176	0.2347	0.8069	-0.0710	1.2775	5.2894	-8.3451
0	0.0175	-0.8208	0.0386	0.1738	-0.5745	0.0332	-1.0684	6.4782	6.8562
1	-0.5206	2.6325	-2.8287	0.1017	-0.2551	-0.3921	-9.3486	-0.8234	0.3125
2	0.0249	0.7338	-0.1133	0.1068	0.8665	0.1196	1.0667	4.7191	-8.1604
0	0.0177	-0.8337	0.0274	0.1854	-0.2620	0.2452	-0.8530	5.6218	8.0316
1	-0.5115	2.6571	-2.8622	0.0155	-0.1653	-0.3510	-10.2540	-1.0979	0.1053
2	0.0284	0.7564	-0.1155	0.2641	0.2748	-0.2224	0.7570	4.8804	-7.8842
0	0.0199	-0.8562	0.0263	0.0307	-0.6893	-0.0549	-0.8356	6.1955	7.0025
1	-0.4883	2.6980	-2.9009	0.1349	-0.0925	-0.7377	-11.0290	-0.6024	0.2471
2	0.0279	0.7722	-0.1200	0.0379	0.5557	0.0720	1.0724	5.0392	-8.6920
0	0.0199	-0.8891	0.0249	0.1365	-0.6852	0.1555	-1.1130	6.8174	7.9184
1	-0.4559	2.7358	-2.9423	-0.0306	-0.2968	-0.5464	-10.7898	-0.8012	0.4557
2	0.0296	0.8031	-0.1143	0.1230	0.7867	0.0160	0.7679	6.1140	-8.2827
0	0.0233	-0.9121	0.0152	0.1819	-0.5262	0.1984	-0.4954	4.7462	7.6475
1	-0.4385	2.7594	-2.9739	0.1022	-0.2924	-0.5231	-10.2576	-1.7375	0.4387
2	0.0295	0.8298	-0.1182	0.1529	0.5308	-0.2050	0.8827	5.3028	-8.8356
0	0.0203	-0.9376	0.0085	0.2315	-0.5527	0.0514	-0.6699	5.0852	8.1443
1	-0.4155	2.7574	-2.9769	0.1317	-0.2793	-0.3578	-9.8100	-2.2068	0.4479
2	0.0317	0.8532	-0.1235	0.2448	0.6189	-0.0036	0.5899	4.1426	-8.7222
0	0.0164	-0.9506	-0.0007	0.3144	-0.1348	0.1843	-0.4670	4.5820	8.5871
1	-0.4081	2.7437	-2.9713	0.0831	-0.3118	-0.0128	-9.7399	-2.8535	0.5998
2	0.0374	0.8734	-0.1263	0.2796	0.3160	-0.1173	0.6067	3.7461	-8.9732
0	0.0137	-0.9553	-0.0101	0.1452	-0.1502	-0.0146	-0.2285	3.6099	8.6873
1	-0.4042	2.7345	-2.9630	0.1321	-0.0644	-0.1618	-10.0514	-3.1762	0.3308
2	0.0423	0.8781	-0.1348	0.2083	0.0799	-0.0858	0.6224	3.1287	-9.5961
0	0.0112	-0.9619	-0.0094	0.1128	-0.0853	-0.0266	-0.7755	4.7712	8.6148
1	-0.3986	2.7304	-2.9545	0.0837	-0.0549	-0.0474	-10.1087	-2.7408	0.2568
2	0.0454	0.8854	-0.1324	0.1256	0.1375	0.0628	0.6511	3.1665	-9.4931
0	0.0113	-0.9655	-0.0075	-0.0190	-0.1330	-0.0484	-1.0867	4.9582	8.4173
1	-0.3939	2.7411	-2.9582	0.0225	0.0551	-0.1016	-10.5245	-2.1761	-0.2376
2	0.0467	0.8896	-0.1288	0.0373	0.0910	0.0405	1.1758	3.8926	-9.4722
0	0.0139	-0.9676	-0.0026	-0.0133	0.0505	-0.0145	-1.2380	5.5557	8.0920
1	-0.3951	2.7525	-2.9609	-0.0019	0.0194	0.0416	-10.4192	-1.8477	-0.1103
2	0.0442	0.8946	-0.1215	-0.0242	0.0194	0.0552	1.3542	4.2581	-9.1906
0	0.0169	-0.9675	0.0006	-0.0302	-0.0820	-0.0594	-0.8048	4.8291	8.0206
1	-0.3943	2.7643	-2.9646	0.0461	0.0632	-0.0948	-10.4159	-2.0182	0.1149
2	0.0412	0.8934	-0.1164	-0.0185	0.0167	0.0283	1.2237	4.5176	-9.0084
0	0.0191	-0.9716	0.0059	-0.0325	-0.0759	-0.0845	-0.5867	4.7818	8.2801
1	-0.3906	2.7764	-2.9671	0.0637	0.0750	-0.1067	-10.2684	-2.3111	0.3568
2	0.0390	0.8974	-0.1094	-0.0285	0.1024	0.0850	0.8497	4.1481	-9.1058
0	0.0199	-0.9773	0.0128	-0.0319	-0.1117	-0.1256	-0.8956	5.1164	8.7401
1	-0.3863	2.7879	-2.9671	-0.0369	0.1430	-0.0151	-10.4517	-2.2993	0.1206
2	0.0370	0.9029	-0.1005	0.0115	0.1470	0.1387	0.7333	4.0988	-9.1065
0	0.0266	-0.9759	0.0205	-0.1859	0.1818	-0.0036	-0.9007	4.7960	8.6836
1	-0.3933	2.8210	-2.9883	-0.1885	0.1413	0.2999	-10.0117	-2.7725	0.1091
2	0.0328	0.9066	-0.0901	-0.1749	-0.0967	0.0367	1.1996	4.0032	-9.6182
0	0.0428	-0.9521	0.0287	-0.3974	0.7955	0.1008	-0.8737	4.7188	9.2060
1	-0.4275	2.9000	-3.0501	-0.6003	0.2923	0.9171	-9.6831	-3.1137	0.0232
2	0.0194	0.8941	-0.0823	-0.3347	-0.5756	-0.0717	1.1089	3.1104	-9.7039
0	0.0742	-0.9107	0.0382	-0.9096	0.9660	0.2897	-0.5675	4.1648	9.5511
1	-0.4663	3.1106	-3.2387	-0.9710	0.5843	0.8117	-10.3210	-3.0006	-0.0749
2	-0.0064	0.8600	-0.0758	-0.7523	-0.9569	-0.2912	1.4880	3.2675	-10.1381
0	0.1186	-0.8709	0.0594	-0.9959	0.9034	0.1445	-0.1682	4.7261	7.4964
1	-0.4885	3.4147	-3.5135	-0.7768	0.6523	0.8042	-10.0144	-1.9460	0.7638
2	-0.0562	0.8193	-0.0603	-1.0755	-0.8531	-0.1884	1.1574	3.5938	-9.7522
0	0.1566	-0.8333	0.0909	-1.0130	0.3541	-0.1790	0.7025	4.5757	6.7893
1	-0.4888	3.6976	2.5266	-0.5399	0.8861	0.0081	-10.4932	-0.8508	1.2417
2	-0.0984	0.7830	-0.0378	-0.9575	-0.7115	0.0534	-0.1085	4.2991	-8.3520
0	0.1819	-0.8175	0.1297	-0.7171	0.5024	-0.2903	0.4073	6.8377	5.5901
1	-0.4828	3.8614	2.4003	-0.2305	0.6800	0.6647	-8.8519	0.3216	2.0724
2	-0.1340	0.7684	0.0011	-0.8422	-0.2773	0.3433	-0.6520	5.3385	-7.4593
0	0.1913	-0.7738	0.1531	-0.2180	1.2456	-0.2094	1.1140	6.6725	5.4826
1	-0.5044	4.1510	2.1341	0.0133	0.3347	1.3311	-8.5999	0.4918	2.6495
2	-0.1526	0.7370	0.0285	-0.4147	-0.9984	0.2018	-1.6233	5.1701	-6.4746
0	0.1918	-0.6980	0.1608	0.0121	1.6309	-0.0705	1.2586	6.3058	6.1462
1	-0.5144	-1.5908	1.6020	0.0797	0.2949	1.3019	-9.5572	0.4225	2.2478
2	-0.1600	0.6741	0.0394	-0.0144	-1.6384	-0.0172	-1.6002	5.4550	-6.6019
0	0.1879	-0.6494	0.1758	-0.1934	0.6162	-0.5064	1.2089	6.2270	5.2418
1	-0.5112	-1.3337	1.3649	0.2892	0.5079	0.4594	-10.5560	1.0210	1.9261
2	-0.1634	0.6092	0.0466	-0.1706	-0.9414	0.3201	-1.2368	5.9344	-7.1417
0	0.1760	-0.6208	0.1954	-0.0388	0.7368	-0.4035	0.7018	8.6174	5.6334
1	-0.5066	-1.1173	1.1680	0.1967	0.3131	0.7714	-10.0881	1.8023	2.1400
2	-0.1564	0.5770	0.0702	-0.0542	-0.6636	0.4369	-1.1698	7.0961	-6.6118
0	0.1667	-0.5812	0.2063	0.0137	0.9440	-0.2629	0.6264	8.1634	5.5248
1	-0.4826	-0.8894	0.9525	0.1458	0.2683	1.0468	-10.1031	1.8233	1.7529
2	-0.1499	0.5420	0.0838	0.0073	-0.9079	0.2281	-1.0600	7.4562	-6.7513
0	0.1591	-0.5311	0.2157	-0.0508	1.2017	-0.2545	0.5824	7.9060	5.4530
1	-0.4435	-0.7059	0.7820	0.0630	0.3648	1.1137	-9.8948	1.9422	1.4679
2	-0.1457	0.4974	0.0930	-0.0199	-1.1426	0.1813	-0.6802	7.1032	-6.6709
0	0.1518	-0.4764	0.2294	-0.0871	1.0972	-0.2993	0.2128	8.2240	3.9726
1	-0.4030	-0.5870	0.6794	0.0693	0.3674	1.0871	-9.4900	2.8813	1.3845
2	-0.1436	0.4452	0.1044	-0.1192	-1.1277	0.2349	-0.6547	7.2852	-6.0662
0	0.1464	-0.4191	0.2410	-0.1321	1.4379	-0.1998	0.5874	7.8760	3.9760
1	-0.3484	-0.4983	0.6058	0.0092	0.3914	1.4543	-8.8394	2.9485	1.3853
2	-0.1410	0.3893	0.1181	-0.1430	-1.3256	0.1164	-0.4821	7.5962	-5.2668
0	0.1402	-0.3507	0.2529	-0.1224	1.6433	-0.2776	0.0967	8.2303	3.4942
1	-0.2820	-0.4183	0.5430	-0.0051	0.4739	1.6544	-8.6895	3.4409	1.1410
2	-0.1417	0.3234	0.1301	-0.1367	-1.5980	0.1813	-0.7275	7.1173	-4.8968
0	0.1342	-0.2708	0.2703	-0.3694	1.9184	-0.2246	0.2581	8.6089	3.0522
1	-0.1984	-0.3616	0.5129	-0.2328	0.6170	1.8505	-8.2612	4.2119	1.1590
2	-0.1408	0.2492	0.1445	-0.2978	-1.7761	0.1596	-0.2096	7.5383	-4.5415
0	0.1330	-0.1750	0.2914	-0.3358	2.4064	-0.0475	-0.1391	9.1719	1.8889
1	-0.1033	-0.3300	0.5062	-0.3643	0.5130	2.3739	-7.6072	4.9775	1.2858
2	-0.1462	0.1528	0.1678	-0.4231	-2.2189	-0.0124	-0.6065	7.8535	-3.5229
0	0.1347	-0.0617	0.3110	-0.3762	2.5267	0.0473	-0.2934	10.5865	-0.1519
1	-0.0046	-0.3147	0.5141	-0.4702	0.4162	2.1902	-8.2415	7.0919	1.2514
2	-0.1569	0.0537	0.1854	-0.4997	-2.6041	-0.1199	-0.5121	8.1058	-2.5849
0	0.1417	0.0405	0.3340	-0.5062	1.9595	0.1858	0.2827	9.4850	-0.7685
1	0.0944	-0.3111	0.5308	-0.5887	0.3770	1.8312	-7.9899	7.5869	1.2890
2	-0.1716	-0.0558	0.2078	-0.5290	-2.1508	-0.2573	-0.6372	10.4370	-1.0788
0	0.1442	0.1159	0.3619	-0.6219	1.4761	-0.0257	1.0603	8.0654	-1.7767
1	0.1703	-0.3047	0.5491	-0.4125	0.3476	1.5737	-6.1809	7.2977	1.7379
2	-0.1856	-0.1408	0.2346	-0.6465	-1.6177	-0.1354	-0.9164	9.7827	-0.2116
0	0.1365	0.1875	0.3866	-0.3330	1.7141	-0.1217	0.2133	9.6352	-2.3763
1	0.2505	-0.2971	0.5556	-0.3337	0.3357	1.7883	-5.1535	8.0631	1.7230
2	-0.1879	-0.2158	0.2649	-0.4436	-1.5353	0.0687	-1.7895	8.5613	0.9057
0	0.1234	0.2701	0.4049	-0.3291	1.3614	-0.3460	0.9592	8.9238	-3.4818
1	0.3169	-0.2808	0.5574	-0.0670	0.5384	1.1546	-5.7387	8.7843	1.8387
2	-0.1871	-0.2894	0.2831	-0.4171	-1.6950	0.1248	-1.4489	8.7728	1.3225
0	0.1094	0.3244	0.4167	-0.3211	1.4453	-0.1165	0.0666	11.0809	-2.6783
1	0.3745	-0.2599	0.5557	0.1849	0.4775	1.8155	-5.5550	9.1456	1.5093
2	-0.1750	-0.3589	0.3002	-0.3449	-1.3120	0.1335	-1.6057	10.2473	1.5241
0	0.0865	0.4139	0.4319	-0.4492	1.9948	-0.3182	0.2686	10.4070	-3.9427
1	0.4661	-0.2207	0.5542	-0.3912	1.0181	2.2210	-4.3395	9.5021	1.5530
2	-0.1652	-0.4317	0.3162	-0.4711	-2.0045	0.3178	-0.8923	8.4014	1.7985
0	0.0676	0.5042	0.4465	-0.4198	1.9984	-0.3308	-0.0653	8.2419	-4.1916
1	0.5605	-0.1727	0.5594	-0.1176	1.1919	1.7490	-4.0322	9.5566	0.9355
2	-0.1516	-0.5245	0.3365	-0.4544	-1.9707	0.1027	-1.2453	9.6572	2.7813
0	0.0408	0.5965	0.4619	-0.5589	2.2486	-0.3709	-0.6081	8.0531	-5.3971
1	0.6518	-0.1327	0.5695	-0.2812	0.7118	2.1795	-1.8652	9.5222	0.3467
2	-0.1346	-0.6135	0.3549	-0.5858	-2.0554	0.2781	-0.7016	8.5080	3.1844
0	0.0135	0.6945	0.4724	-0.3801	1.9856	-0.4453	0.0064	6.2511	-8.5768
1	0.7428	-0.1018	0.5831	-0.0288	0.7111	1.8699	-0.6931	10.4845	0.8079
2	-0.1125	-0.7147	0.3745	-0.5549	-2.2339	0.2705	-0.7972	7.6859	5.4664
0	-0.0163	0.7856	0.4654	-0.2186	1.8149	-0.5916	-1.4992	7.7309	-6.6518
1	0.8299	-0.0647	0.5841	0.0230	0.7562	1.7215	-0.9020	10.2895	-0.4883
2	-0.0883	-0.8077	0.3780	-0.2031	-1.8177	0.4996	-1.2407	7.4393	7.0173
0	-0.0452	0.8673	0.4618	-0.4030	1.6720	-0.5258	-1.0117	5.1757	-6.7590
1	0.9035	-0.0276	0.5901	0.2865	1.0422	1.2650	0.1775	9.7302	-0.8382
2	-0.0625	-0.8953	0.3772	-0.3741	-1.6933	0.3257	0.4334	7.7825	5.9158
0	-0.0837	0.9295	0.4414	-0.2183	1.5980	-0.5000	-2.9571	11.5987	-6.7548
1	0.9549	0.0113	0.5817	-0.1468	0.5140	1.8459	0.0723	11.7859	-0.6958
2	-0.0279	-0.9611	0.3693	-0.1290	-1.0334	0.9674	-0.5019	6.8708	8.6373
0	-0.1013	1.0047	0.4366	-0.1510	1.5626	-0.3487	-1.5681	4.9919	-9.2059
1	1.0365	0.0381	0.6031	-0.0093	0.5240	1.7118	0.9366	10.6007	-1.1784
2	-0.0070	-1.0310	0.3625	-0.2357	-1.6916	0.1601	0.8938	8.8146	7.1776
0	-0.1223	1.0808	0.4161	-0.0364	1.3426	-0.8844	-1.5557	3.5783	-10.1581
1	1.1194	0.0745	0.6109	0.3163	0.6943	1.8878	2.8249	9.9408	-1.5207
2	0.0113	-1.1079	0.3530	-0.0800	-1.4766	0.5690	0.3750	5.9273	8.1243
0	-0.1381	1.1696	0.3803	0.1843	2.0406	-0.5204	-2.5224	5.8014	-9.4225
1	1.2091	0.1007	0.6147	0.2870	0.4501	2.1485	3.6469	10.4546	-1.7153
2	0.0326	-1.1863	0.3214	0.1677	-1.7821	0.5405	0.4287	5.1298	9.2724
0	-0.1476	1.2640	0.3619	-0.0496	1.7350	-0.3616	-2.1711	4.7696	-11.4124
1	1.2946	0.1293	0.6311	0.2111	0.1989	1.3503	2.9334	10.8965	-1.6291
2	0.0396	-1.2804	0.3031	-0.0768	-2.0396	0.2763	1.2912	5.7415	8.8602
0	-0.1486	1.3286	0.3470	0.3114	1.2499	-0.2454	-2.3242	3.7392	-11.5807
1	1.3483	0.1390	0.6356	0.3290	0.0355	1.1571	4.0853	10.2434	-1.4249
2	0.0459	-1.3536	0.2913	0.1741	-1.3222	0.2180	0.5344	6.2047	10.1227
0	-0.1453	1.3742	0.3313	0.0259	0.7068	-0.3223	-2.2796	4.2066	-9.2506
1	1.3873	0.1513	0.6351	0.1025	0.2489	0.6498	3.1679	9.4355	-2.1002
2	0.0389	-1.4072	0.2752	0.2047	-0.8799	0.2934	0.6328	4.6323	9.5768
0	-0.1499	1.3938	0.3271	0.0168	0.2304	0.0087	-2.5573	3.0946	-10.5440
1	1.4016	0.1609	0.6405	-0.0217	-0.0216	0.1476	3.8514	9.2779	-2.0893
2	0.0422	-1.4370	0.2625	-0.0281	-0.3924	0.0264	1.3910	5.5750	8.6553
0	-0.1513	1.3989	0.3265	0.0567	0.0142	-0.0578	-2.1619	1.3031	-9.8293
1	1.4038	0.1629	0.6393	0.0821	0.0207	0.0184	5.0024	7.8783	-2.2664
2	0.0446	-1.4452	0.2602	0.0146	-0.0718	-0.0077	1.0879	4.0418	9.3378
0	-0.1534	1.4015	0.3232	0.0365	0.0578	0.0037	-2.4097	2.4240	-9.6379
1	1.4063	0.1656	0.6381	-0.0316	-0.0649	0.1333	4.8216	7.9084	-2.1744
2	0.0460	-1.4481	0.2536	0.0248	-0.0401	0.0672	1.0822	2.3879	8.8305
0	-0.1553	1.4057	0.3277	-0.0256	0.0880	0.1236	-2.2181	1.5629	-9.7144
1	1.4100	0.1686	0.6439	-0.0737	-0.0478	0.0531	4.8417	7.8323	-2.2511
2	0.0471	-1.4525	0.2512	-0.0202	-0.1159	-0.1236	1.2015	2.8867	8.6884
0	-0.1566	1.4073	0.3295	0.0993	0.0227	0.0067	-2.2639	1.7741	-9.9091
1	1.4122	0.1689	0.6427	0.0780	-0.0451	0.0710	4.9871	7.9199	-2.1774
2	0.0488	-1.4551	0.2520	0.0308	-0.0171	-0.0360	0.9291	2.5303	9.0889
0	-0.1549	1.4122	0.3288	0.0852	0.1753	0.0293	-2.4076	2.0765	-9.1720
1	1.4199	0.1698	0.6435	-0.0043	-0.0647	0.2498	4.8193	7.7709	-2.3456
2	0.0468	-1.4590	0.2474	0.1010	-0.1387	-0.0228	1.0128	2.5402	8.9206
0	-0.1539	1.4226	0.3302	0.1074	0.2032	0.0353	-2.1587	1.7001	-9.9372
1	1.4303	0.1716	0.6461	0.0630	-0.0555	0.1455	4.9124	7.8541	-2.1506
2	0.0454	-1.4687	0.2449	0.0709	-0.2361	-0.0550	1.2204	2.6333	8.6735
0	-0.1514	1.4293	0.3297	0.1111	0.1003	0.0027	-2.1212	1.5351	-9.5094
1	1.4365	0.1719	0.6439	0.0653	-0.0012	0.0794	4.9587	7.6411	-2.1717
2	0.0429	-1.4779	0.2412	0.1090	-0.1039	-0.0078	0.8721	2.4972	8.9899
0	-0.1515	1.4311	0.3282	0.0295	-0.0899	-0.0257	-2.2044	1.8265	-10.1390
1	1.4347	0.1734	0.6402	0.0485	-0.0139	-0.1760	4.9634	8.0755	-2.2555
2	0.0415	-1.4827	0.2358	0.0521	0.0146	0.0331	1.0079	2.5472	8.8840
0	-0.1535	1.4228	0.3256	0.0373	-0.3571	-0.0859	-2.2333	1.3580	-10.3686
1	1.4226	0.1723	0.6316	0.1148	-0.0017	-0.4465	5.1140	8.1080	-2.3036
2	0.0430	-1.4786	0.2300	0.0391	0.2489	0.0778	1.0213	2.7375	9.3173
0	-0.1540	1.4043	0.3225	0.0689	-0.4408	0.0553	-2.6237	3.0635	-9.5202
1	1.4032	0.1667	0.6222	-0.1028	-0.1798	-0.4118	4.5343	8.3990	-2.2446
2	0.0440	-1.4635	0.2205	0.0912	0.4544	0.0997	1.0365	2.9262	9.3950
0	-0.1525	1.3863	0.3296	0.1072	-0.2761	0.2654	-2.4726	2.9623	-9.8157
1	1.3872	0.1598	0.6231	-0.1866	-0.3197	-0.1810	4.5259	8.5459	-2.1944
2	0.0427	-1.4449	0.2194	0.0521	0.3356	-0.1761	1.3203	3.5082	8.7627
0	-0.1450	1.3743	0.3477	0.1772	-0.1050	0.5937	-2.3063	2.9878	-9.9206
1	1.3777	0.1473	0.6337	-0.2862	-0.5146	-0.1518	4.3764	8.7106	-2.0082
2	0.0370	-1.4336	0.2282	0.0927	0.1484	-0.4355	1.1697	3.8255	8.9573
0	-0.1356	1.3575	0.3651	0.1503	-0.5872	0.1913	-1.5374	0.8619	-9.8187
1	1.3554	0.1330	0.6301	0.1165	-0.1551	-0.9000	4.0927	8.1625	-2.2492
2	0.0258	-1.4209	0.2441	0.1557	0.4262	-0.3000	0.7667	3.1033	9.0563
0	-0.1358	1.3146	0.3656	-0.0456	-1.2913	0.0561	-2.1377	3.7890	-9.9967
1	1.3034	0.1228	0.6125	-0.0897	-0.2168	-1.3018	3.5913	9.2782	-1.9985
2	0.0221	-1.3929	0.2416	0.0590	1.1105	0.1223	0.7813	3.1876	9.0062
0	-0.1385	1.2525	0.3754	-0.0945	-1.5642	0.2414	-1.7659	3.5822	-10.1069
1	1.2381	0.1092	0.5998	-0.0800	-0.2551	-1.7430	3.1867	9.9572	-1.7217
2	0.0244	-1.3316	0.2383	-0.0238	1.4043	-0.1339	0.9149	5.0625	9.0509
0	-0.1398	1.1675	0.3892	-0.0215	-1.4102	0.4610	-2.4681	6.4999	-9.6116
1	1.1653	0.0921	0.5859	-0.3011	-0.5712	-1.1598	3.5231	10.3279	-1.5728
2	0.0262	-1.2564	0.2390	-0.0081	1.7800	-0.0841	0.6129	5.4036	9.2823
0	-0.1288	1.1144	0.4108	0.1496	-1.1360	0.4049	-1.4586	3.8416	-10.0846
1	1.1146	0.0699	0.5823	-0.0057	-0.3940	-1.1131	2.8492	10.2635	-1.5658
2	0.0182	-1.1947	0.2497	0.0895	1.1154	-0.4824	0.6485	5.4857	9.0619
0	-0.1159	1.0685	0.4248	0.1428	-0.6172	0.6119	-2.0045	7.2854	-8.5535
1	1.0774	0.0488	0.5824	-0.3044	-0.6011	-0.5046	2.0631	10.5635	-1.2018
2	0.0066	-1.1469	0.2554	0.1534	0.9340	-0.3258	0.4332	5.7978	8.4022
0	-0.0944	1.0424	0.4438	0.4078	-0.4300	0.5434	-1.6277	5.9660	-10.0349
1	1.0658	0.0216	0.5844	-0.2472	-0.8581	0.8112	2.7866	10.3378	-0.7106
2	-0.0129	-1.1157	0.2694	0.2541	0.5136	-0.5230	0.1516	6.4156	8.2900
0	-0.0582	1.0511	0.4499	0.7954	0.0036	0.2507	-1.1228	2.4879	-10.5447
1	1.0732	-0.0115	0.5758	0.2324	-0.5256	-0.6195	1.7284	10.2148	-1.5688
2	-0.0458	-1.1111	0.2745	0.6975	-0.5262	-0.6090	-0.4699	4.3899	9.2209
0	-0.0315	1.0048	0.4434	0.5027	-1.8548	0.2551	-1.9402	7.7243	-8.3117
1	1.0057	-0.0410	0.5509	0.0502	-0.9060	-1.4221	-0.3998	11.4096	-1.1028
2	-0.0726	-1.1001	0.2640	0.5655	1.1981	-0.0510	0.5409	7.1885	8.6585
0	0.0041	0.9359	0.4600	0.5374	-1.1701	0.8700	-1.1420	6.8178	-8.5036
1	0.9524	-0.0867	0.5505	-0.0529	-1.1050	-1.1993	0.0938	11.1095	-0.6441
2	-0.1012	-1.0238	0.2601	0.4363	1.2234	-0.8229	0.7683	8.8690	7.2630
0	0.0429	0.8701	0.4749	0.4887	-1.8562	0.7750	-0.8025	7.1684	-8.5104
1	0.8736	-0.1366	0.5508	-0.0564	-0.9938	-2.1247	-1.2120	11.3800	-0.2981
2	-0.1430	-0.9585	0.2662	0.5035	1.6667	-0.6774	-0.0090	8.4616	7.0459
0	0.0750	0.7729	0.4825	0.4895	-2.4948	0.5295	-0.3625	6.6820	-7.9094
1	0.7717	-0.1756	0.5494	0.1167	-0.9230	-2.5924	-0.6822	10.7917	-0.0128
2	-0.1733	-0.8696	0.2648	0.4950	2.4064	-0.4380	-0.5806	8.5147	7.1530
0	0.0979	0.6531	0.4811	0.3355	-3.0602	0.2336	-0.2487	7.3937	-7.1349
1	0.6443	-0.2063	0.5462	0.0771	-0.7342	-2.9993	-1.3809	10.7829	0.1841
2	-0.1934	-0.7540	0.2524	0.4438	2.9197	-0.0535	-0.7087	7.6730	6.6035
0	0.1182	0.5241	0.4782	0.5640	-2.6095	0.2624	0.1916	6.9467	-6.7815
1	0.5392	-0.2246	0.5476	0.7148	0.1205	-2.2951	-1.0938	10.1501	0.4780
2	-0.2032	-0.6268	0.2391	0.3962	3.0094	-0.1944	-0.8885	8.4569	6.0038
0	0.1281	0.4065	0.4604	0.5342	-2.2829	0.4613	-0.0297	11.7843	-3.7697
1	0.4380	-0.2453	0.5340	0.3818	-0.2883	-1.9294	-2.9780	9.8474	1.1184
2	-0.2060	-0.5085	0.2149	0.7168	2.6063	0.1537	-1.4845	6.7561	4.8297
0	0.1446	0.3157	0.4461	0.4414	-2.0822	0.2386	0.2517	8.8978	-3.5130
1	0.3460	-0.2674	0.5220	0.2500	-0.7992	-1.7957	-4.0247	8.9778	0.9944
2	-0.2165	-0.4105	0.1923	0.5205	2.0783	-0.0731	-1.2406	8.3213	2.8162
0	0.1590	0.2302	0.4318	0.4676	-1.7607	0.1815	0.7008	9.2731	-2.0014
1	0.2669	-0.2926	0.5131	0.4922	-0.6993	-1.8642	-5.1030	8.3951	1.2997
2	-0.2243	-0.3198	0.1716	0.5217	1.8919	-0.0875	-1.2703	8.7281	2.1151
0	0.1663	0.1406	0.4183	0.3855	-2.3941	0.0306	0.7724	8.9223	-2.3351
1	0.1628	-0.3159	0.5114	0.3257	-0.5356	-2.3381	-6.2888	8.4614	1.5167
2	-0.2273	-0.2376	0.1517	0.4553	2.1281	0.0747	-1.3956	9.2534	0.8535
0	0.1726	0.0322	0.3997	0.5342	-1.8808	0.2318	-0.0311	10.4063	-0.9256
1	0.0670	-0.3470	0.5166	0.2992	-0.6793	-1.8559	-6.3274	7.9360	1.2459
2	-0.2214	-0.1253	0.1306	0.5465	2.1947	-0.0191	-1.4441	9.5890	0.5363
0	0.1794	-0.0736	0.3838	0.1697	-2.9129	0.1053	0.4191	9.5388	-0.3402
1	-0.0407	-0.3936	0.5418	0.0816	-0.6422	-2.9222	-8.2628	7.7392	1.1098
2	-0.2200	-0.0261	0.1077	0.4054	2.4146	0.0725	-0.8517	9.5926	-0.5752
0	0.1908	-0.2008	0.3767	0.2697	-2.6506	0.4243	0.2980	9.7929	1.0766
1	-0.1748	-0.5026	0.6290	-0.1908	-0.7619	-3.0203	-7.5140	6.6077	1.6071
2	-0.2149	0.1000	0.0992	0.2596	2.8619	-0.1099	-0.7903	10.4744	-1.1749
0	0.2062	-0.3148	0.3663	0.0944	-2.7822	0.3784	0.7293	8.7909	2.0231
1	-0.2850	-0.6709	0.7889	-0.3663	-0.5252	-2.6668	-8.5175	5.3715	1.6293
2	-0.2194	0.2153	0.0864	0.2472	2.6818	-0.1709	-1.0181	8.8637	-2.3445
0	0.2268	-0.4484	0.3506	0.3738	-2.1877	0.5529	1.0226	7.8568	2.7019
1	-0.3532	-0.9183	1.0125	-0.1061	-0.9790	-1.5965	-7.8165	3.8683	2.2402
2	-0.2247	0.3441	0.0762	0.2776	2.5359	-0.3531	-1.1757	8.3409	-3.1827
0	0.2345	-0.5472	0.3244	0.6315	-2.1709	0.3537	0.9590	7.1660	2.9038
1	-0.4091	-1.1773	1.2375	0.4164	-1.0786	-1.9102	-7.9663	3.0999	2.3122
2	-0.2284	0.4517	0.0528	0.5614	2.1640	-0.2739	-1.7250	6.7616	-3.6335
0	0.2334	-0.6292	0.2954	0.7352	-1.8335	0.3833	1.1888	6.1645	3.5212
1	-0.4550	-1.5066	1.5284	0.6283	-1.1043	-1.5067	-7.2587	2.0043	2.3363
2	-0.2195	0.5477	0.0256	0.7174	1.9614	-0.3010	-1.5910	6.4044	-4.1874
0	0.2185	-0.7045	0.2523	1.1134	-1.2520	0.4001	0.8495	6.5864	5.0778
1	-0.4886	4.4357	1.8217	0.6067	-1.2667	-0.9659	-7.9397	1.0119	2.2379
2	-0.2006	0.6279	-0.0092	1.1111	1.3723	-0.2909	-1.7726	4.9340	-4.6085
0	0.2041	-0.7586	0.2069	0.8825	-1.0235	0.4259	0.8219	4.7071	7.1302
1	-0.4977	4.1322	2.0827	0.4187	-0.8042	-0.9994	-9.0102	-0.6026	1.4166
2	-0.1799	0.6766	-0.0465	1.0076	1.0631	-0.4692	-1.0180	5.1240	-6.2488
0	0.1941	-0.8164	0.1789	0.4853	-1.3795	0.2072	0.8764	4.8043	7.2392
1	-0.4782	3.7993	2.3962	0.2683	-0.5622	-1.3280	-9.7332	-1.4756	1.4413
2	-0.1608	0.7308	-0.0781	0.6163	1.2393	-0.1780	-0.2662	4.1719	-8.1490
0	0.1872	-0.8829	0.1576	0.4624	-1.1275	0.3226	0.3297	5.1408	8.3023
1	-0.4429	3.5810	2.5960	0.0964	-0.6718	-0.8883	-9.2646	-2.2082	1.5090
2	-0.1475	0.7925	-0.0921	0.4881	1.3911	-0.1487	-0.5074	4.1317	-8.4182
0	0.1844	-0.9206	0.1345	0.4452	-0.6919	0.4589	0.4179	4.3996	8.5461
1	-0.4168	3.4852	-3.6143	0.0352	-0.6199	-0.6042	-9.4355	-2.6505	1.3013
2	-0.1381	0.8411	-0.1103	0.4523	0.7899	-0.3991	-0.2754	3.4170	-9.0735
0	0.1824	-0.9556	0.1111	0.4105	-0.7690	0.3164	0.7237	4.0064	7.9283
1	-0.3907	3.4045	-3.5524	0.1565	-0.5552	-0.6495	-9.6144	-2.7367	1.4822
2	-0.1324	0.8737	-0.1301	0.3856	0.7735	-0.3160	-0.2695	3.1761	-9.2297
0	0.1746	-0.9927	0.0909	0.4551	-0.6294	0.2191	0.6555	3.7434	9.0103
1	-0.3661	3.3209	-3.4868	0.1659	-0.4851	-0.3747	-9.3443	-3.4121	1.4565
2	-0.1235	0.9089	-0.1457	0.4786	0.7826	-0.2350	-0.6861	3.0487	-9.0358
0	0.1673	-1.0157	0.0753	0.3292	-0.5165	0.1395	1.1915	2.9300	8.6741
1	-0.3492	3.2695	-3.4450	0.2625	-0.3193	-0.5960	-9.5189	-3.6960	1.5820
2	-0.1127	0.9345	-0.1585	0.3891	0.4135	-0.1763	-0.4623	2.3393	-9.7359
0	0.1558	-1.0474	0.0679	0.3724	-0.5432	-0.0657	0.5864	3.4829	9.8275
1	-0.3276	3.2053	-3.3845	0.2489	-0.2180	-0.3073	-9.4044	-4.1877	1.3392
2	-0.1004	0.9630	-0.1636	0.4273	0.6786	0.0750	-0.7934	2.2418	-9.5041
0	0.1497	-1.0530	0.0655	0.1259	0.1603	-0.0277	0.3470	3.2872	9.6111
1	-0.3296	3.1919	-3.3679	0.1030	0.0252	0.1582	-9.5626	-4.1785	0.8916
2	-0.0885	0.9827	-0.1636	0.1834	-0.0258	0.0001	-0.0471	1.6878	-10.5829
0	0.1495	-1.0509	0.0698	-0.0720	-0.1185	-0.1365	0.6846	3.6571	8.9278
1	-0.3276	3.1944	-3.3582	0.0788	0.1725	-0.2107	-10.1656	-3.3042	1.2513
2	-0.0860	0.9782	-0.1592	0.0057	0.0049	0.1532	0.0967	2.5599	-10.1272
0	0.1505	-1.0576	0.0798	0.0589	-0.0116	-0.1844	0.6310	4.2618	8.4890
1	-0.3241	3.1894	-3.3399	0.1750	0.0637	0.1612	-9.3457	-3.1672	1.7333
2	-0.0878	0.9847	-0.1471	0.0085	0.1590	0.2329	-0.5503	3.0426	-9.4076
0	0.1469	-1.0452	0.0837	0.1248	0.4623	-0.0780	0.5966	4.4998	8.8230
1	-0.3411	3.1932	-3.3352	0.1011	0.0190	0.5797	-9.5618	-3.1417	1.6456
2	-0.0850	0.9812	-0.1381	0.1220	-0.3433	0.1000	-0.6896	2.7417	-9.5136
0	0.1459	-1.0189	0.0836	0.0747	0.6329	0.0124	0.7029	4.8032	8.7798
1	-0.3694	3.2182	-3.3545	0.0304	0.0264	0.6117	-10.4319	-2.6383	1.5790
2	-0.0832	0.9593	-0.1351	0.0813	-0.6235	-0.0360	-0.4456	3.2885	-9.7648
0	0.1461	-0.9940	0.0848	0.0650	0.4499	-0.0574	0.6441	5.2152	8.3272
1	-0.3925	3.2413	-3.3700	0.0814	0.0452	0.3934	-10.7842	-2.0694	1.6234
2	-0.0847	0.9321	-0.1339	0.0499	-0.5338	0.0231	-0.5299	3.9866	-9.6362
0	0.1466	-0.9761	0.0864	0.0246	0.2702	0.0465	0.4584	6.0160	8.2493
1	-0.4062	3.2652	-3.3886	-0.0314	-0.0194	0.1578	-11.0447	-1.5702	1.6115
2	-0.0856	0.9114	-0.1298	0.0320	-0.3373	0.0015	-0.5120	4.7741	-9.3933
0	0.1502	-0.9706	0.0868	0.0197	-0.0267	-0.0013	0.4756	5.5837	7.8031
1	-0.4075	3.2785	-3.3971	0.0238	-0.0167	-0.0421	-10.8410	-1.4316	1.5329
2	-0.0894	0.9013	-0.1279	0.0015	-0.0239	0.0000	-0.4123	5.2620	-9.2673
0	0.1521	-0.9719	0.0861	0.0826	-0.0627	0.0743	0.3862	5.4975	8.1820
1	-0.4060	3.2837	-3.3997	0.0006	-0.0922	-0.0470	-10.5434	-1.8212	1.5102
2	-0.0913	0.9017	-0.1247	0.0620	0.0622	-0.0233	-0.4819	5.0067	-9.0459
0	0.1546	-0.9754	0.0847	0.0200	-0.1417	0.0131	0.6374	4.5639	8.1017
1	-0.4016	3.2879	-3.4001	0.0400	-0.0163	-0.1300	-10.2371	-2.2775	1.4032
2	-0.0928	0.9037	-0.1242	0.0252	0.1031	-0.0183	-0.3599	4.3376	-9.3454
0	0.1565	-0.9804	0.0862	-0.0000	-0.1129	-0.0030	0.4824	4.7584	8.3684
1	-0.3962	3.2892	-3.3955	0.0016	0.0167	-0.1473	-10.0627	-2.3926	1.3797
2	-0.0945	0.9092	-0.1205	0.0261	0.1191	0.0419	-0.4069	3.8083	-9.2275
0	0.1590	-0.9862	0.0890	0.0223	-0.1138	-0.0777	0.6088	4.3985	8.0824
1	-0.3906	3.2886	-3.3871	0.1076	0.0769	-0.0396	-9.7292	-2.5439	1.4313
2	-0.0970	0.9150	-0.1155	-0.0009	0.1550	0.0662	-0.4552	3.7893	-9.1733
0	0.1580	-0.9873	0.0950	0.0230	0.0273	-0.1750	0.7300	4.4340	8.4750
1	-0.3921	3.2854	-3.3730	0.1390	0.1321	0.0759	-9.8107	-2.7006	1.5166
2	-0.0970	0.9185	-0.1081	0.0391	-0.0080	0.1683	-0.5382	3.2687	-9.1703
0	0.1559	-0.9815	0.1029	0.0242	0.2307	-0.1801	0.5162	4.7137	8.4690
1	-0.3999	3.2904	-3.3673	0.1049	0.1654	0.3207	-9.8011	-2.6354	1.4259
2	-0.0956	0.9160	-0.0980	0.0347	-0.1484	0.1865	-0.5578	3.3920	-9.3696
0	0.1566	-0.9630	0.1119	-0.1205	0.5659	-0.1486	0.5327	4.4903	8.6167
1	-0.4193	3.3328	-3.3955	-0.0392	0.2673	0.6654	-9.5328	-2.7377	1.2603
2	-0.0953	0.9040	-0.0879	-0.0622	-0.4474	0.1536	-0.2864	3.3525	-9.5279
0	0.1618	-0.9292	0.1210	-0.1062	0.8807	-0.0860	0.5515	3.8448	7.4081
1	-0.4526	3.4360	-3.4833	0.0114	0.2170	0.8946	-8.8368	-2.5640	1.4764
2	-0.1012	0.8770	-0.0775	-0.1698	-0.7990	0.0702	-0.2905	3.0473	-9.1888
0	0.1627	-0.8884	0.1291	-0.0158	1.0388	-0.2332	0.7190	3.5891	7.6701
1	-0.4902	3.5576	-3.5904	0.1422	0.3338	1.1616	-8.6855	-2.5812	1.3813
2	-0.1068	0.8385	-0.0691	-0.0487	-0.9447	0.1182	-0.6510	2.8014	-8.4354
0	0.1582	-0.8334	0.1415	-0.1218	1.4462	-0.2509	0.0493	5.0127	8.3492
1	-0.5354	3.8439	2.4259	-0.1228	0.5277	1.6053	-8.9311	-1.9224	0.7946
2	-0.1067	0.7868	-0.0566	-0.0375	-1.3359	0.2232	-0.3661	2.7915	-8.4044
0	0.1634	-0.7491	0.1612	-0.3123	1.9949	-0.2493	0.6087	5.0700	6.1684
1	-0.5542	-1.6324	1.6452	-0.1474	0.5845	2.1257	-8.0155	-0.5883	1.2788
2	-0.1133	0.7177	-0.0408	-0.3671	-1.8276	0.1546	0.1984	3.4268	-8.3859
0	0.1651	-0.6467	0.1811	-0.2807	2.5601	-0.3723	0.3316	5.4633	5.0582
1	-0.4953	-0.8670	0.9081	-0.0539	0.7793	2.6077	-7.9340	1.0527	1.0584
2	-0.1239	0.6304	-0.0233	-0.3417	-2.4109	0.1506	-0.5119	3.8166	-6.6267
0	0.1628	-0.5120	0.2041	-0.3096	3.2161	-0.1861	-0.2364	7.4700	4.3204
1	-0.3761	-0.5402	0.6090	-0.2555	0.6072	3.2842	-7.7444	2.7287	1.2428
2	-0.1312	0.5117	-0.0022	-0.3722	-2.8548	0.1632	-0.3481	5.1934	-5.4324
0	0.1650	-0.3642	0.2212	-0.3503	3.3452	-0.2146	0.7437	6.5476	3.5594
1	-0.2351	-0.4166	0.5103	-0.2542	0.8162	3.0680	-8.3039	3.4334	1.2817
2	-0.1443	0.3662	0.0146	-0.3834	-3.4343	-0.0873	-0.3681	6.2945	-4.5822
0	0.1618	-0.2205	0.2480	-0.5376	3.3488	-0.2257	0.2120	8.0541	1.7711
1	-0.1032	-0.3479	0.4779	-0.3197	0.8683	3.0579	-7.2519	5.3002	1.4296
2	-0.1559	0.2087	0.0395	-0.6229	-3.2573	0.0715	-0.4953	7.2034	-3.4517
0	0.1552	-0.0698	0.2752	-0.5663	3.1795	-0.3369	0.6579	8.0158	0.1958
1	0.0287	-0.2955	0.4654	-0.3383	1.0374	2.7174	-7.2669	6.5154	1.4078
2	-0.1646	0.0594	0.0686	-0.5964	-3.3151	0.0957	-1.0353	7.8269	-1.8573
0	0.1404	0.0658	0.3071	-0.5649	2.6847	-0.3280	0.0654	9.6300	-2.3931
1	0.1339	-0.2542	0.4666	-0.2904	0.8617	2.5004	-6.8107	8.2064	1.4111
2	-0.1648	-0.0691	0.1007	-0.7242	-2.8442	0.2100	-0.9564	8.9503	-0.4506
0	0.1297	0.1891	0.3336	-0.6480	2.9496	-0.0843	-0.0793	9.6416	-2.7003
1	0.2679	-0.2249	0.4819	-0.6100	0.7993	2.9696	-5.2530	9.4428	0.8469
2	-0.1621	-0.1938	0.1319	-0.6400	-2.8544	-0.0048	-1.0236	10.0143	0.9120
0	0.1208	0.3256	0.3651	-0.5651	2.8625	-0.0655	0.3435	8.6378	-5.5193
1	0.3962	-0.1992	0.5015	-0.4057	0.7066	2.3889	-4.3225	10.4606	1.0701
2	-0.1652	-0.3245	0.1657	-0.7469	-2.9775	-0.1556	-0.7035	9.6769	2.9608
0	0.1052	0.4336	0.3860	-0.3279	1.8510	-0.1653	0.1907	8.9213	-7.2812
1	0.4843	-0.1825	0.5134	-0.3207	0.3332	1.9803	-3.6094	10.9180	1.4809
2	-0.1616	-0.4446	0.1944	-0.5201	-2.1689	0.0922	-1.5913	9.8993	4.4370
0	0.0952	0.5361	0.3976	-0.2295	2.3929	-0.1292	0.8817	7.5222	-4.6763
1	0.5919	-0.1720	0.5263	-0.1382	0.5349	2.2993	-2.6616	9.6560	1.0368
2	-0.1558	-0.5344	0.2115	-0.2987	-2.2081	-0.0958	-1.4949	9.3476	4.9678
0	0.0730	0.6277	0.4009	-0.3401	2.3626	-0.6583	0.3173	9.7332	-5.0192
1	0.7002	-0.1352	0.5216	0.0525	1.0282	2.8158	-2.5261	10.3861	0.9631
2	-0.1458	-0.6457	0.2247	-0.3527	-2.0219	0.3980	-1.7213	8.0119	4.0958
0	0.0561	0.7628	0.4026	-0.1913	2.8798	-0.2304	0.3632	5.2877	-5.6457
1	0.8345	-0.1081	0.5296	0.0611	0.8948	2.3697	-1.1558	9.9167	0.2301
2	-0.1308	-0.7631	0.2331	-0.1854	-2.9056	-0.1410	-1.2080	8.7014	5.0052
0	0.0211	0.8761	0.3983	-0.4827	1.7795	-0.6513	-0.5702	6.6807	-8.7647
1	0.9183	-0.0601	0.5333	-0.0631	1.1178	1.5791	-0.8913	10.6064	-0.0252
2	-0.1122	-0.8944	0.2397	-0.4858	-2.1685	0.5604	-0.6665	7.2010	6.0133
0	-0.0191	0.9398	0.3892	-0.5532	1.1991	-0.8899	-1.4666	4.9370	-8.2871
1	0.9779	-0.0052	0.5400	0.0810	1.2792	1.4072	1.0359	9.9690	-1.3962
2	-0.0782	-0.9689	0.2389	-0.4962	-1.3329	0.6741	-0.5321	7.6091	7.2724
0	-0.0637	1.0108	0.3750	-0.5266	1.8381	-0.6846	-1.8377	6.1936	-8.5014
1	1.0499	0.0489	0.5513	0.0059	1.0172	1.6615	1.6296	10.1321	-1.4752
2	-0.0339	-1.0342	0.2295	-0.5378	-1.7111	0.7193	0.8105	5.8777	7.3533
0	-0.1007	1.0900	0.3616	-0.4806	1.6267	-0.6568	-2.6394	5.4788	-9.6042
1	1.1237	0.1035	0.5688	-0.2163	0.8064	1.8137	1.9838	10.6296	-2.0003
2	0.0027	-1.1140	0.2239	-0.5085	-1.7178	0.6170	0.6915	6.2241	7.9557
0	-0.1294	1.1762	0.3534	-0.2971	1.6450	-0.3737	-1.7509	3.0957	-10.6147
1	1.2137	0.1392	0.6076	-0.2161	0.3440	2.1760	3.1124	9.8421	-1.7460
2	0.0381	-1.2008	0.2181	-0.3511	-1.7654	0.1993	1.1858	6.4157	9.1580
0	-0.1499	1.2538	0.3333	0.0304	1.8918	-0.6470	-2.6687	3.9489	-10.9236
1	1.3031	0.1720	0.6277	0.3487	0.3227	2.3601	5.6429	9.7422	-2.1001
2	0.0597	-1.2762	0.2098	-0.1966	-1.4464	0.4776	0.4291	4.0751	9.8452
0	-0.1481	1.3620	0.3122	0.2998	2.1152	-0.3529	-1.9700	0.5569	-12.3442
1	1.4058	0.1876	0.6472	0.3794	0.4382	1.5821	5.1785	9.4806	-2.0253
2	0.0666	-1.3733	0.1911	0.2074	-2.4777	0.1581	0.6156	3.3990	10.2999
0	-0.1399	1.4408	0.3078	0.7605	1.5463	1.2746	-6.9969	18.7172	-16.2901
1	1.5123	0.2186	0.6860	-0.3357	-1.2389	1.1995	2.7023	14.9886	-1.3813
2	0.0642	-1.4701	0.1705	0.4201	-1.6026	0.1745	0.4884	5.2514	11.2729
0	-0.1085	1.4813	0.3536	0.3085	0.9985	0.4897	-0.5229	-1.0375	-8.7908
1	1.5531	0.2074	0.7141	-0.0928	-0.2169	0.9617	6.1990	6.4902	-2.3363
2	0.0303	-1.5197	0.2080	0.3699	-0.8506	-0.9030	0.8256	8.3148	10.8030
0	-0.1059	1.5061	0.3637	0.0527	-0.0039	-0.0104	-0.9431	0.3900	-11.7423
1	1.5624	0.2104	0.7181	0.1346	0.0285	-0.2201	5.9381	7.4765	-1.7485
2	0.0183	-1.5531	0.2253	0.0003	-0.3411	-0.1909	0.1896	0.3552	8.8597
0	-0.1073	1.5031	0.3575	0.0169	-0.0177	-0.1069	-2.1182	1.5416	-9.0494
1	1.5596	0.2112	0.7109	0.0439	0.0137	0.0182	5.7050	6.8987	-2.1070
2	0.0180	-1.5541	0.2193	0.0529	0.1429	0.1802	-0.0458	1.9089	9.6547
0	-0.1093	1.5022	0.3559	0.0538	-0.0895	-0.0015	-1.9903	0.7868	-10.2428
1	1.5592	0.2119	0.7076	0.0494	-0.0468	-0.0111	6.1716	7.0194	-2.2279
2	0.0198	-1.5539	0.2111	0.0452	0.0655	0.0284	0.8344	1.8817	9.0289
0	-0.1092	1.5014	0.3571	0.0896	-0.0040	0.0397	-1.8721	0.8670	-9.9907
1	1.5603	0.2107	0.7056	0.0608	-0.0739	-0.0239	6.0136	7.0408	-2.2309
2	0.0190	-1.5526	0.2066	0.0796	-0.0037	-0.0430	0.8130	1.7962	9.2455
0	-0.1079	1.4995	0.3558	0.0965	-0.0954	-0.0479	-1.6535	0.8496	-9.9095
1	1.5583	0.2078	0.6992	0.1046	-0.0387	-0.0569	6.1168	7.0054	-2.0341
2	0.0173	-1.5526	0.2025	0.1053	0.0899	0.0489	0.6283	1.7339	9.2827
0	-0.1064	1.4984	0.3534	0.1087	-0.0298	-0.0306	-1.8149	1.1811	-9.7294
1	1.5588	0.2054	0.6928	0.1077	-0.0455	-0.0091	5.8629	7.0497	-2.0326
2	0.0154	-1.5513	0.1954	0.1145	0.0261	0.0514	0.5130	1.6825	9.1978
0	-0.1048	1.4977	0.3518	0.1164	-0.0288	-0.0182	-1.8917	1.2172	-9.7931
1	1.5603	0.2028	0.6869	0.0976	-0.0598	0.0494	5.7874	7.0893	-2.1124
2	0.0131	-1.5517	0.1886	0.1126	0.0362	0.0395	0.6366	1.9486	9.0010
0	-0.1030	1.4988	0.3511	0.1180	0.0407	0.0256	-2.0578	1.4421	-9.9041
1	1.5635	0.2005	0.6843	0.0551	-0.1317	0.0217	5.7975	7.2497	-2.2214
2	0.0102	-1.5528	0.1824	0.1207	-0.0404	-0.0049	0.7400	2.0037	9.0166
0	-0.0996	1.4953	0.3515	0.1803	-0.3016	-0.0122	-1.8905	0.4692	-10.2517
1	1.5551	0.1899	0.6734	0.1761	-0.1431	-0.4089	5.7469	7.1119	-2.2586
2	0.0069	-1.5533	0.1788	0.1560	0.1331	-0.0130	0.7934	2.1436	9.4010
0	-0.0979	1.4816	0.3487	0.0960	-0.2459	-0.0527	-1.6565	1.1492	-9.8263
1	1.5429	0.1801	0.6596	0.1135	-0.0899	-0.1962	6.0521	7.1095	-1.9274
2	0.0040	-1.5418	0.1722	0.0876	0.3031	0.0649	0.7684	1.8448	9.0865
0	-0.0961	1.4753	0.3460	0.1031	-0.1283	-0.0193	-1.5953	1.2811	-9.8372
1	1.5380	0.1753	0.6522	0.0643	-0.0722	-0.1248	5.9717	7.2725	-1.8056
2	0.0027	-1.5341	0.1647	0.1214	0.1304	0.0670	0.3836	1.8030	9.1747
0	-0.0964	1.4700	0.3441	0.0424	-0.1674	-0.0670	-1.4079	1.0619	-9.9022
1	1.5324	0.1740	0.6458	0.0868	0.0178	-0.1870	5.7803	7.2544	-1.7800
2	0.0013	-1.5297	0.1578	0.0635	0.1421	0.0605	0.4483	1.9659	9.0586
0	-0.0985	1.4621	0.3397	-0.0038	-0.2657	-0.0966	-1.5975	1.3226	-9.9681
1	1.5223	0.1736	0.6377	0.0410	0.0583	-0.3734	5.6154	7.5667	-1.9317
2	0.0025	-1.5241	0.1492	0.0442	0.1890	0.1266	0.3695	2.1373	9.1429
0	-0.1043	1.4477	0.3324	-0.0642	-0.4730	-0.2550	-1.6816	1.4291	-10.1792
1	1.5036	0.1748	0.6265	0.0654	0.1222	-0.5708	5.6260	7.7196	-2.0113
2	0.0065	-1.5134	0.1394	-0.0268	0.4061	0.2441	0.5160	2.2785	9.3019
0	-0.1132	1.4264	0.3242	-0.1920	-0.6954	-0.1189	-1.9945	2.4254	-10.1486
1	1.4711	0.1770	0.6165	-0.1845	0.0893	-0.8704	5.2279	8.3130	-1.9705
2	0.0145	-1.4948	0.1245	-0.1032	0.6136	0.2709	0.6279	2.7274	9.3103
0	-0.1282	1.3840	0.3209	-0.2406	-1.0985	-0.2344	-1.6346	1.8610	-10.3584
1	1.4225	0.1799	0.6026	0.0586	0.2005	-1.2196	4.9170	8.5012	-1.9396
2	0.0261	-1.4613	0.1153	-0.1611	0.9744	0.2191	0.6729	3.3710	9.4048
0	-0.1467	1.3253	0.3086	-0.3058	-1.3822	-0.3159	-2.4461	3.9673	-9.8795
1	1.3597	0.1835	0.5764	-0.0766	0.2282	-1.3973	4.0994	9.6235	-2.3047
2	0.0404	-1.4078	0.0977	-0.1350	1.3525	0.4778	0.7923	3.8730	9.3378
0	-0.1648	1.2649	0.3076	-0.3141	-1.3737	0.0666	-2.9771	5.8478	-10.8883
1	1.2891	0.1842	0.5605	-0.2728	-0.0203	-1.8774	3.8976	11.1590	-2.2618
2	0.0572	-1.3507	0.0833	-0.2319	1.3454	0.2089	1.2645	5.4012	9.2096
0	-0.1735	1.1864	0.3243	-0.1777	-2.0157	0.3765	-2.7762	4.9244	-12.0006
1	1.2004	0.1709	0.5415	-0.1820	-0.3455	-2.2986	3.0707	11.8296	-2.3138
2	0.0690	-1.2791	0.0852	-0.1541	1.8058	-0.1479	1.2875	7.0954	10.1902
0	-0.1666	1.0863	0.3511	0.0037	-1.8919	0.9305	-3.1519	8.1914	-9.4650
1	1.1041	0.1391	0.5288	-0.5896	-0.9867	-1.6397	2.4098	11.5467	-1.9702
2	0.0681	-1.1822	0.0934	0.0048	2.2338	-0.3913	1.1534	7.6043	10.3475
0	-0.1350	0.9980	0.3898	0.6034	-1.5429	0.7232	-0.6722	2.1721	-12.4063
1	1.0515	0.0875	0.5264	0.1483	-1.1970	-1.0183	3.3325	10.2483	-1.2902
2	0.0451	-1.0967	0.1179	0.2986	1.6102	-0.9175	0.9938	7.3426	8.8995
0	-0.1021	0.9416	0.3801	0.5688	-1.8427	0.1410	-2.4848	9.1340	-7.7472
1	0.9751	0.0550	0.4837	-0.1471	-0.7576	-1.9448	-0.5382	11.6120	-1.9682
2	0.0067	-1.0349	0.1122	0.8874	1.3313	0.1074	-0.1911	4.0328	9.5772
0	-0.0764	0.8536	0.3982	0.2845	-2.1556	0.9431	-2.5017	6.9953	-9.4921
1	0.8843	0.0119	0.4808	-0.1288	-1.0757	-2.0585	-0.4199	11.7587	-1.6037
2	-0.0149	-0.9554	0.1013	0.2044	2.1623	-0.7465	1.7456	10.3225	6.9310
0	-0.0550	0.7530	0.4103	-0.0468	-2.5060	0.0480	-0.1367	6.9014	-4.7945
1	0.7711	-0.0103	0.4612	-0.0493	-0.2170	-2.6971	-2.5657	10.0117	-1.0567
2	-0.0394	-0.8563	0.1064	0.2033	2.3265	-0.0662	0.6999	7.4823	6.0257
0	-0.0494	0.6296	0.4260	-0.1567	-2.9335	0.7439	-2.0834	10.8006	-6.1953
1	0.6446	-0.0324	0.4616	-0.6670	-0.7423	-2.9675	-3.7508	11.4387	-0.2285
2	-0.0364	-0.7401	0.1047	-0.0644	2.8638	-0.2222	0.0446	9.4491	4.3597
0	-0.0269	0.4894	0.4622	-0.5360	-2.9680	0.7107	-0.7536	7.7226	-4.7295
1	0.5112	-0.0632	0.4837	-0.6322	-0.4544	-2.5908	-2.5138	10.0728	-0.9332
2	-0.0509	-0.6145	0.1194	-0.3618	3.1102	-0.5112	0.6026	10.4733	4.1532
0	-0.0083	0.3906	0.4905	-0.1753	-1.5437	0.7546	-2.0612	9.7195	-5.5702
1	0.4343	-0.0878	0.5044	-0.4447	-0.5255	-1.3613	-1.4622	10.1645	-0.7866
2	-0.0607	-0.4907	0.1417	-0.2584	2.1438	-0.4143	0.2765	7.9330	4.3421
0	0.0199	0.3045	0.5007	0.2492	-2.3711	0.3613	-0.6498	6.6252	-6.6584
1	0.3352	-0.1115	0.4985	0.2750	-0.7102	-2.5266	-2.9431	9.7840	-0.1156
2	-0.0825	-0.4155	0.1533	0.0964	1.7505	-0.4025	-0.2515	8.2595	5.3063
0	0.0394	0.2021	0.4907	0.4516	-1.8889	0.4254	-0.6823	8.4152	-3.3488
1	0.2439	-0.1338	0.4789	0.3154	-0.8165	-1.6370	-2.6604	8.5091	0.1873
2	-0.0922	-0.3033	0.1391	0.4258	2.3871	-0.2133	-0.5451	8.2063	4.1858
0	0.0568	0.1370	0.4726	0.6449	-1.8948	0.2783	-0.6047	8.1606	-4.0041
1	0.1684	-0.1565	0.4533	0.3219	-1.1147	-2.2923	-4.9413	8.8606	0.3782
2	-0.1051	-0.2218	0.1172	0.6285	1.6751	-0.1941	-0.5757	7.5019	2.5511
0	0.0789	0.0349	0.4515	0.4117	-2.0242	0.5110	-1.0369	9.4615	-1.0470
1	0.0702	-0.1974	0.4527	-0.0569	-0.9466	-1.9323	-5.7231	8.1524	-0.0707
2	-0.1132	-0.1347	0.0910	0.5651	2.3847	-0.3715	0.0912	10.5888	1.6655
0	0.1074	-0.0514	0.4347	0.3612	-2.1644	0.7398	-0.1713	8.0310	-0.5038
1	-0.0191	-0.2595	0.4753	-0.2328	-1.0375	-2.5456	-6.5859	7.1179	0.3933
2	-0.1310	-0.0376	0.0685	0.4600	2.0593	-0.5869	0.2129	9.3383	0.3049
0	0.1422	-0.1572	0.4211	0.3189	-2.3676	0.8502	-0.2014	8.8809	-0.4203
1	-0.1168	-0.3488	0.5319	-0.3297	-1.1047	-2.2959	-6.7279	6.5382	0.9218
2	-0.1505	0.0563	0.0521	0.2519	2.5210	-0.6023	-0.1479	9.0153	-0.6239
0	0.1733	-0.2557	0.3986	0.3744	-2.4531	0.8105	0.0948	8.0951	1.3550
1	-0.2148	-0.4827	0.6274	-0.4011	-1.0504	-2.5193	-8.3569	5.5139	0.9696
2	-0.1725	0.1602	0.0304	0.4762	2.3485	-0.6431	-0.7144	8.3166	-1.2519
0	0.2040	-0.3802	0.3767	0.4085	-2.8312	0.9053	-0.0682	8.7773	1.9526
1	-0.3055	-0.6782	0.7813	-0.1274	-1.4804	-2.0833	-8.0861	4.8263	1.5937
2	-0.1909	0.2856	0.0055	0.3423	3.0096	-0.5890	-0.4444	8.9048	-2.5802
0	0.2322	-0.4917	0.3310	0.8145	-1.7793	0.9129	0.6889	6.6030	3.6976
1	-0.3729	-0.8962	0.9381	0.2865	-1.4214	-1.7276	-7.7393	2.5935	1.7564
2	-0.2065	0.3984	-0.0299	0.7397	2.0309	-0.8411	-0.9819	7.2192	-3.2566
0	0.2434	-0.5821	0.2824	0.9018	-2.0089	0.7157	1.0169	6.3181	3.7658
1	-0.4360	-1.1580	1.1459	0.4250	-1.3769	-1.7107	-8.3014	1.8451	2.1279
2	-0.2126	0.4907	-0.0788	0.8571	1.9744	-0.6044	-1.1762	5.8652	-4.7044
0	0.2397	-0.6716	0.2284	0.9928	-1.1775	0.5593	0.8348	5.7592	7.9211
1	-0.4756	-1.4116	1.3504	0.4168	-1.1818	-0.7793	-8.1629	-0.4980	1.6070
2	-0.2036	0.5792	-0.1235	1.0650	1.6163	-0.4915	-1.1599	4.6850	-5.7725
0	0.2318	-0.7200	0.1839	0.9755	-0.9470	0.3216	1.2703	3.6078	6.6863
1	-0.5006	-1.6228	1.5232	0.6428	-0.8585	-0.9208	-9.0892	-1.4695	1.7475
2	-0.1889	0.6332	-0.1653	0.9307	0.8486	-0.4691	-0.7891	3.4366	-7.9390
0	0.2145	-0.7746	0.1579	0.6117	-1.3074	0.1433	0.6407	5.7590	8.9976
1	-0.5160	4.2502	1.9103	0.2098	-0.6261	-1.0154	-10.3306	-1.8024	1.3652
2	-0.1649	0.6824	-0.1952	0.8237	1.3177	-0.0012	-0.7211	3.8081	-8.5594
0	0.2109	-0.8228	0.1359	0.3970	-0.8212	0.3669	0.5773	4.5956	8.3615
1	-0.5033	3.9856	2.1551	0.1486	-0.5153	-0.5920	-9.4310	-2.4317	1.3514
2	-0.1506	0.7359	-0.2116	0.4250	0.9318	-0.2951	-0.0249	4.3011	-9.5617
0	0.2070	-0.8550	0.1163	0.3508	-0.4037	0.1554	0.8939	4.1466	8.3686
1	-0.4956	3.8432	2.2850	0.1800	-0.3277	-0.2926	-9.2590	-2.7264	1.4440
2	-0.1437	0.7690	-0.2265	0.4030	0.4933	-0.1595	-0.4808	2.7873	-9.1821
0	0.2020	-0.8696	0.1046	0.3272	-0.1262	0.1202	0.7607	4.5814	8.1563
1	-0.4945	3.7683	2.3510	0.1906	-0.2849	0.0675	-9.3452	-2.4854	1.6153
2	-0.1360	0.7873	-0.2347	0.3236	0.2654	-0.0939	-0.6316	2.9530	-9.1357
0	0.1948	-0.8694	0.0940	0.3047	0.0900	0.0268	0.9639	4.6888	8.2451
1	-0.5020	3.7497	2.3644	0.1746	-0.1600	0.1113	-9.9582	-2.3576	1.6875
2	-0.1280	0.7921	-0.2423	0.3133	-0.1044	-0.0581	-0.6557	3.1545	-9.1049
0	0.1902	-0.8669	0.0909	0.1094	0.0449	-0.0599	0.8764	5.4141	8.2778
1	-0.5067	3.7414	2.3747	0.1043	0.0162	0.0151	-10.5132	-1.8044	1.6628
2	-0.1216	0.7892	-0.2451	0.1815	-0.0716	0.0169	-0.6410	3.8873	-9.4650
0	0.1893	-0.8675	0.0945	-0.0031	-0.1046	-0.1220	0.8574	5.4981	7.8285
1	-0.5058	3.7228	2.4016	0.0958	0.1218	-0.0957	-10.5627	-1.3321	1.7159
2	-0.1191	0.7884	-0.2400	0.0282	0.0386	0.1134	-0.6089	4.6708	-9.3122
0	0.1893	-0.8679	0.1011	0.0065	0.1188	-0.0825	0.8960	6.0467	7.8504
1	-0.5081	3.7355	2.3981	0.0809	0.0555	0.2534	-10.0846	-1.3592	1.9634
2	-0.1183	0.7916	-0.2311	-0.0054	0.0119	0.1457	-0.7163	4.8196	-9.0165
0	0.1889	-0.8528	0.1043	0.0036	0.5329	-0.0286	0.8196	5.9131	8.5239
1	-0.5204	3.8360	2.3043	-0.0289	0.1062	0.6119	-10.0274	-1.5990	1.7686
2	-0.1181	0.7836	-0.2236	0.0548	-0.3290	0.0671	-0.9345	4.4927	-8.8786
0	0.1928	-0.8244	0.1069	0.0155	0.6811	0.0306	0.8629	5.5673	7.5511
1	-0.5338	4.0468	2.0993	-0.0406	0.0198	0.7300	-10.0599	-1.4706	1.9610
2	-0.1214	0.7601	-0.2184	-0.0532	-0.6440	-0.0339	-0.7119	4.4764	-9.1231
0	0.1969	-0.7873	0.1070	-0.0316	1.0252	0.0476	0.9557	5.3878	8.0645
1	-0.5411	4.3960	1.7547	-0.1013	0.1402	1.0550	-9.7891	-1.5529	1.7650
2	-0.1268	0.7291	-0.2161	-0.0353	-0.8674	-0.1035	-0.8910	4.4324	-8.8331
0	0.2016	-0.7420	0.1128	-0.1657	0.9613	-0.0789	0.8757	5.5622	7.3910
1	-0.5324	-1.4903	1.3697	-0.1068	0.3229	0.8343	-10.2228	-0.8648	1.5868
2	-0.1345	0.6850	-0.2123	-0.1328	-1.0513	-0.0014	-0.7434	4.3032	-8.7582
0	0.2063	-0.7009	0.1282	-0.2698	0.7600	-0.1607	0.4936	6.4703	6.6012
1	-0.5125	-1.2428	1.1427	-0.1514	0.4252	0.6770	-10.0936	0.0035	1.4912
2	-0.1427	0.6419	-0.1986	-0.2602	-0.7830	0.1576	-0.6238	5.2461	-8.1356
0	0.2117	-0.6665	0.1471	-0.3667	0.7727	-0.2087	0.4121	6.4697	6.2151
1	-0.4893	-1.0860	1.0083	-0.1660	0.5145	0.8135	-9.5679	0.4210	1.3823
2	-0.1503	0.6088	-0.1802	-0.3519	-0.7169	0.1981	-0.4682	5.6281	-7.6386
0	0.2156	-0.6227	0.1681	-0.3022	1.0258	-0.2596	0.7097	6.3412	5.4397
1	-0.4595	-0.9154	0.8608	0.0535	0.5390	1.0085	-9.2594	0.7189	1.6190
2	-0.1583	0.5720	-0.1581	-0.3784	-0.9761	0.2037	-0.5820	5.5307	-7.1554
0	0.2138	-0.5699	0.1888	-0.3119	1.2594	-0.3024	1.0095	7.0592	5.7770
1	-0.4213	-0.7601	0.7295	-0.0243	0.6005	1.2153	-9.4054	1.0437	1.8917
2	-0.1621	0.5246	-0.1359	-0.3128	-1.1962	0.2868	-0.9078	5.7079	-6.8398
0	0.2122	-0.5071	0.2104	-0.3133	1.5992	-0.3315	1.2060	6.8765	5.2965
1	-0.3612	-0.6142	0.6106	-0.0122	0.6430	1.6701	-8.8351	1.3918	2.0548
2	-0.1649	0.4673	-0.1125	-0.3322	-1.4222	0.2713	-1.1263	6.0286	-6.6588
0	0.2053	-0.4243	0.2352	-0.2878	1.8480	-0.5052	1.2183	7.2850	2.7363
1	-0.2896	-0.4932	0.5213	0.1889	0.7153	1.6866	-8.3544	3.1400	2.2610
2	-0.1665	0.3951	-0.0887	-0.3846	-1.8816	0.3340	-1.4223	5.8514	-5.9238
0	0.1886	-0.3371	0.2528	-0.0792	2.0372	-0.4511	0.8113	9.0774	2.8702
1	-0.2141	-0.3972	0.4489	0.1068	0.5887	1.9635	-8.4161	4.5911	2.0584
2	-0.1605	0.3091	-0.0646	-0.1208	-1.9477	0.4016	-1.6670	7.2225	-4.0385
0	0.1763	-0.2407	0.2669	-0.1741	2.0878	-0.3116	0.5169	8.8885	1.7288
1	-0.1262	-0.3348	0.4100	0.0226	0.5851	1.8205	-8.4276	5.4655	1.5941
2	-0.1534	0.2066	-0.0472	-0.2045	-2.1494	0.2047	-1.2314	8.5235	-3.6207
0	0.1641	-0.1459	0.2832	-0.2226	1.7633	-0.3159	0.7941	9.2547	0.2471
1	-0.0542	-0.2905	0.3898	0.0504	0.5486	1.4569	-8.1521	6.5943	1.6863
2	-0.1502	0.1146	-0.0307	-0.2386	-1.9258	0.2286	-0.9602	9.1344	-2.4829
0	0.1512	-0.0788	0.2991	-0.2848	1.1286	-0.2814	-0.4903	10.2376	-0.3962
1	0.0015	-0.2576	0.3824	-0.1279	0.5192	1.0026	-7.9936	7.6134	0.8293
2	-0.1446	0.0378	-0.0139	-0.2387	-1.3120	0.2764	-1.1764	9.8597	-1.4255
0	0.1450	-0.0188	0.3167	-0.1927	1.2463	-0.0187	0.4089	10.9005	-1.7578
1	0.0547	-0.2426	0.3889	-0.1492	0.1701	1.2299	-7.3321	8.3570	1.8074
2	-0.1398	-0.0248	0.0073	-0.3172	-1.2419	0.0638	-0.3782	10.6413	-0.6544
0	0.1465	0.0394	0.3242	-0.1578	1.2285	0.0001	1.0393	9.3054	0.7811
1	0.1075	-0.2383	0.3924	-0.2364	0.2870	1.1736	-7.6218	6.8809	1.7089
2	-0.1444	-0.0772	0.0175	-0.0957	-1.2415	-0.0925	-1.5778	10.4282	-0.0610
0	0.1467	0.0906	0.3435	-0.4309	1.1066	-0.0132	1.0277	8.9964	-0.8356
1	0.1608	-0.2311	0.4100	-0.2710	0.4374	1.0533	-6.9288	6.7935	1.7730
2	-0.1496	-0.1319	0.0318	-0.4517	-1.0904	-0.0362	-1.3138	9.3092	-1.7182
0	0.1406	0.1494	0.3657	-0.3637	1.3312	-0.0997	0.5996	10.0749	-1.2130
1	0.2194	-0.2174	0.4236	-0.3226	0.4197	1.5322	-6.2038	7.8038	1.6949
2	-0.1514	-0.1871	0.0567	-0.4165	-1.1924	0.0868	-1.5507	8.9121	-0.4125
0	0.1393	0.2234	0.3850	-0.3918	1.9317	0.1249	0.6000	9.4429	-1.9270
1	0.3005	-0.2114	0.4427	-0.4003	0.3924	1.8020	-5.7224	8.1981	1.5969
2	-0.1527	-0.2483	0.0765	-0.4416	-1.7964	-0.1716	-1.3347	9.3470	0.0656
0	0.1365	0.3047	0.4037	-0.2699	1.6225	-0.1005	0.8232	8.7369	-3.5868
1	0.3758	-0.1966	0.4528	-0.1806	0.4219	1.6631	-5.0956	8.6996	1.6509
2	-0.1596	-0.3309	0.0990	-0.3952	-1.7092	-0.0578	-1.5671	9.2421	0.9889
0	0.1271	0.3846	0.4177	-0.3337	1.6641	-0.1898	0.8783	8.0094	-3.4432
1	0.4478	-0.1794	0.4602	-0.1167	0.4939	1.4613	-4.7542	8.7213	1.3212
2	-0.1581	-0.4077	0.1157	-0.3307	-1.7406	0.0059	-1.6571	8.9796	1.9482
0	0.1098	0.4513	0.4315	-0.3018	1.3649	-0.2470	0.4789	9.1817	-4.6813
1	0.5112	-0.1587	0.4680	-0.1691	0.4233	1.5019	-4.1120	9.6280	1.4456
2	-0.1485	-0.4824	0.1331	-0.3752	-1.3437	0.2016	-1.5598	9.2963	2.6931
0	0.0947	0.5196	0.4408	-0.2195	1.6363	-0.1652	0.0921	9.0234	-5.4122
1	0.5833	-0.1450	0.4773	-0.1902	0.4014	1.6271	-3.4069	9.9830	1.2242
2	-0.1363	-0.5537	0.1473	-0.3133	-1.6449	0.1249	-1.5152	9.2328	3.3197
0	0.0784	0.5880	0.4467	-0.1905	1.1037	-0.3867	0.7239	7.9055	-6.0308
1	0.6453	-0.1224	0.4782	0.1888	0.5922	0.8426	-3.3760	10.1229	1.1634
2	-0.1276	-0.6235	0.1577	-0.2227	-1.3166	0.1977	-1.4484	9.0652	4.2713
0	0.0556	0.6254	0.4468	-0.2350	0.8108	-0.3309	-0.2718	10.4102	-5.9159
1	0.6798	-0.0944	0.4755	-0.1671	0.4675	0.9021	-3.1495	10.9157	1.1013
2	-0.1095	-0.6693	0.1603	-0.2246	-0.7563	0.4541	-1.6325	9.3806	4.4343
0	0.0396	0.6663	0.4567	-0.3368	0.5643	-0.1925	-0.0224	7.3883	-7.1583
1	0.7093	-0.0750	0.4854	0.0156	0.5461	0.5275	-2.4984	10.7659	0.4688
2	-0.0935	-0.7112	0.1686	-0.3441	-0.8622	0.0838	-0.9044	10.0451	4.6277
0	0.0204	0.6913	0.4583	-0.0897	0.3916	-0.3333	-0.5325	8.6092	-7.9768
1	0.7284	-0.0511	0.4811	0.1844	0.3719	0.0773	-2.3046	11.2519	0.4395
2	-0.0759	-0.7391	0.1759	-0.1689	-0.6043	0.3611	-1.0382	8.9814	5.7990
0	0.0020	0.6845	0.4561	-0.1939	-0.7606	-0.4033	-0.1768	7.8199	-7.4649
1	0.7076	-0.0320	0.4705	0.2679	0.3838	-0.9755	-3.1753	11.0151	0.3452
2	-0.0597	-0.7508	0.1721	-0.1387	0.3334	0.3971	-0.7976	9.7912	5.8541
0	-0.0185	0.6331	0.4467	0.0939	-1.1829	-0.3462	-1.2859	10.9360	-6.2887
1	0.6529	-0.0157	0.4447	0.2491	-0.0589	-1.1637	-3.2862	11.5261	0.3355
2	-0.0366	-0.7133	0.1635	0.1052	1.1768	0.6014	-1.1274	9.9532	5.8069
0	-0.0184	0.5830	0.4489	-0.0108	-1.1637	0.2568	-0.9876	10.5202	-6.3484
1	0.6028	-0.0237	0.4407	-0.1914	-0.3480	-1.0643	-3.9611	11.7809	0.1258
2	-0.0245	-0.6633	0.1521	0.0324	1.1070	-0.0026	-0.0110	11.4277	4.6756
0	-0.0050	0.5408	0.4561	0.1246	-0.6850	0.3765	-0.6183	9.4412	-5.2798
1	0.5665	-0.0443	0.4475	-0.1811	-0.3810	-0.4711	-2.9278	10.2427	0.1977
2	-0.0310	-0.6128	0.1539	0.1078	0.9188	-0.2655	-0.2863	10.7581	4.6259
0	0.0074	0.5161	0.4598	0.1340	-0.7006	0.1585	-0.2209	8.0207	-5.4457
1	0.5403	-0.0569	0.4484	0.0791	-0.2296	-0.8178	-3.4675	9.6448	0.2469
2	-0.0444	-0.5822	0.1540	0.1329	0.5975	-0.1711	-0.6547	8.6033	4.0004
0	0.0136	0.4792	0.4582	0.1965	-0.9540	0.0787	-0.4518	8.6023	-4.7789
1	0.5044	-0.0635	0.4405	0.1411	-0.2802	-0.8614	-3.6506	9.4050	0.3958
2	-0.0489	-0.5518	0.1495	0.1986	0.9357	0.0074	-0.7491	8.8843	3.9138
0	0.0189	0.4406	0.4525	0.2238	-0.7784	-0.0637	-0.3082	7.9456	-4.0507
1	0.4640	-0.0675	0.4250	0.3434	-0.1205	-0.9544	-4.0226	8.7716	0.2042
2	-0.0519	-0.5128	0.1408	0.2424	0.7579	0.0238	-0.5978	8.5800	3.2075
0	0.0145	0.3941	0.4451	0.1448	-1.1230	-0.1272	-0.5476	9.2702	-3.5954
1	0.4147	-0.0609	0.4042	0.1954	-0.1598	-0.9444	-4.4879	8.8671	0.4922
2	-0.0474	-0.4712	0.1285	0.2254	1.1132	0.2945	-0.5498	8.7317	2.6716
0	0.0142	0.3518	0.4411	0.1597	-0.8235	-0.0224	-0.5704	8.8295	-3.0306
1	0.3817	-0.0624	0.3945	0.1672	-0.1424	-0.7427	-4.5284	8.5149	0.3201
2	-0.0411	-0.4261	0.1192	0.1970	0.9100	0.1034	-0.4061	9.1053	2.1876
0	0.0119	0.3187	0.4372	0.1091	-0.7520	-0.1460	-0.4998	8.8422	-2.9159
1	0.3505	-0.0577	0.3820	0.2316	-0.0303	-0.7246	-5.1013	8.3597	0.2180
2	-0.0375	-0.3927	0.1118	0.1726	0.7259	0.1709	-0.2796	8.7046	1.7444
0	0.0075	0.2907	0.4327	0.1946	-0.5152	-0.1218	-0.7794	9.4079	-2.3515
1	0.3249	-0.0523	0.3671	0.2451	-0.1080	-0.2610	-5.1780	8.1224	0.2509
2	-0.0300	-0.3619	0.1051	0.1951	0.6637	0.1953	-0.2980	9.0817	1.5175
0	0.0043	0.2805	0.4251	0.2334	-0.0098	-0.1395	-0.7779	9.2887	-1.9634
1	0.3232	-0.0474	0.3542	0.2791	-0.0189	0.0087	-5.4066	7.9475	0.0927
2	-0.0246	-0.3450	0.0962	0.2532	0.1512	0.1393	-0.1563	8.7517	1.0358
0	-0.0010	0.2787	0.4188	0.1191	-0.2246	-0.1491	-0.8267	9.5132	-2.5927
1	0.3184	-0.0392	0.3419	0.2073	-0.0057	-0.2159	-6.0938	8.4336	0.1107
2	-0.0187	-0.3455	0.0871	0.1681	0.0969	0.1807	0.0286	9.1314	0.7818
0	-0.0054	0.2709	0.4147	0.1517	-0.0887	-0.0898	-0.9413	9.8647	-2.1976
1	0.3120	-0.0333	0.3313	0.1769	-0.0075	-0.1286	-6.0067	8.4461	0.1026
2	-0.0119	-0.3375	0.0816	0.1512	0.1560	0.1343	0.0111	9.7771	1.0536
0	-0.0100	0.2621	0.4127	0.0559	-0.4380	-0.1523	-0.8325	9.5509	-2.6958
1	0.2975	-0.0251	0.3214	0.1887	0.0355	-0.4948	-6.3643	8.6218	0.0848
2	-0.0072	-0.3328	0.0770	0.0996	0.2598	0.1682	0.0682	9.8709	0.8679
0	-0.0159	0.2399	0.4107	0.1107	-0.5427	-0.1235	-0.8537	9.6869	-2.3982
1	0.2747	-0.0170	0.3089	0.1982	-0.0165	-0.6603	-6.3739	8.5333	0.1492
2	0.0014	-0.3126	0.0736	0.1359	0.4636	0.1835	-0.0426	10.0440	1.1052
